time	ref	y	y_dot	p1	p2	z	u
0.000000	0.578157	0.000010	0.022092	3168940.197158	2012274.326404	0.018139	0.100065
0.001000	0.578157	0.000051	0.064423	5346339.155701	1523399.347121	0.034141	0.106420
0.002000	0.578157	0.000145	0.125883	7376861.621189	2475017.542586	0.049070	0.116497
0.003000	0.578157	0.000306	0.196584	8448011.822942	3879513.987544	0.063349	0.127844
0.004000	0.578157	0.000538	0.264859	8426084.640304	5125642.456658	0.077199	0.139754
0.005000	0.578157	0.000830	0.317059	7799964.095041	5753082.651852	0.090538	0.150784
0.006000	0.578157	0.001163	0.344979	7409056.687230	5573125.081043	0.102656	0.157390
0.007000	0.578157	0.001514	0.355361	7836912.098973	4925460.412908	0.113279	0.161261
0.008000	0.578157	0.001873	0.361373	9050574.589062	4309281.150973	0.122525	0.164286
0.009000	0.578157	0.002239	0.372298	10580208.661019	3960383.326989	0.130593	0.167031
0.010000	0.578157	0.002620	0.390740	11898880.030991	3878094.090590	0.137594	0.169216
0.011000	0.578157	0.003022	0.414412	12693197.447884	3974337.219968	0.143610	0.170781
0.012000	0.578157	0.003449	0.439208	12923525.793153	4153849.129989	0.148678	0.171568
0.013000	0.578157	0.003900	0.461621	12735026.323564	4340589.846568	0.152903	0.171990
0.014000	0.578157	0.004371	0.479830	12330268.466280	4490066.497039	0.156413	0.172265
0.015000	0.578157	0.004858	0.493647	11879157.135226	4588813.289921	0.159331	0.172511
0.016000	0.578157	0.005357	0.503915	11481812.076876	4644989.410775	0.161768	0.172775
0.017000	0.578157	0.005865	0.511848	11171559.254972	4676221.378159	0.163813	0.173050
0.018000	0.578157	0.006380	0.518486	10937644.789671	4699018.365592	0.165535	0.173312
0.019000	0.578157	0.006902	0.524500	10750996.708004	4723995.219724	0.166985	0.173534
0.020000	0.578157	0.007429	0.530184	10582994.767033	4755375.375699	0.168202	0.173702
0.021000	0.578157	0.007962	0.535559	10414916.684036	4792674.767333	0.169217	0.173816
0.022000	0.578157	0.008500	0.540535	10240305.714011	4832744.508823	0.170062	0.173882
0.023000	0.578157	0.009043	0.544995	10061181.537066	4872368.983150	0.170760	0.173915
0.024000	0.578157	0.009590	0.548877	9883764.583264	4909050.315725	0.171334	0.173928
0.025000	0.578157	0.010141	0.552190	9714608.785086	4941574.925547	0.171804	0.173928
0.026000	0.578157	0.010694	0.554991	9558338.890000	4969859.705141	0.172188	0.173922
0.027000	0.578157	0.011250	0.557372	9416786.587420	4994566.292761	0.172501	0.173914
0.028000	0.578157	0.011809	0.559423	9289445.526387	5016611.203844	0.172755	0.173902
0.029000	0.578157	0.012369	0.561221	9174446.132916	5036828.250342	0.172960	0.173888
0.030000	0.578157	0.012931	0.562822	9069446.530962	5055806.437128	0.173125	0.173870
0.031000	0.578157	0.013495	0.564262	8972316.609537	5073848.599552	0.173256	0.173849
0.032000	0.578157	0.014060	0.565562	8881546.884577	5091032.192483	0.173359	0.173824
0.033000	0.578157	0.014626	0.566733	8796247.129768	5107318.309845	0.173439	0.173798
0.034000	0.578157	0.015193	0.567784	8715988.512487	5122642.158604	0.173499	0.173770
0.035000	0.578157	0.015761	0.568727	8640591.500285	5136968.708493	0.173543	0.173742
0.036000	0.578157	0.016331	0.569570	8569937.134349	5150317.086726	0.173574	0.173713
0.037000	0.578157	0.016901	0.570328	8503858.624415	5162750.709238	0.173594	0.173685
0.038000	0.578157	0.017471	0.571011	8442101.679912	5174360.308394	0.173605	0.173658
0.039000	0.578157	0.018043	0.571631	8384333.792443	5185242.801291	0.173610	0.173631
0.040000	0.578157	0.018614	0.572197	8330202.743237	5195482.288827	0.173609	0.173605
0.041000	0.578157	0.019187	0.572716	8279359.588567	5205146.634317	0.173604	0.173580
0.042000	0.578157	0.019760	0.573194	8231492.283416	5214286.931751	0.173595	0.173556
0.043000	0.578157	0.020333	0.573635	8186339.027507	5222939.039583	0.173584	0.173532
0.044000	0.578157	0.020907	0.574044	8143686.598665	5231130.700100	0.173570	0.173509
0.045000	0.578157	0.021481	0.574423	8103360.766517	5238885.464588	0.173555	0.173487
0.046000	0.578157	0.022056	0.574775	8065213.519469	5246226.539573	0.173539	0.173466
0.047000	0.578157	0.022631	0.575103	8029112.463289	5253177.167800	0.173522	0.173446
0.048000	0.578157	0.023206	0.575409	7994933.975671	5259761.823398	0.173505	0.173426
0.049000	0.578157	0.023782	0.575695	7962559.461607	5266004.203391	0.173487	0.173407
0.050000	0.578157	0.024358	0.575963	7931875.354664	5271926.828753	0.173469	0.173390
0.051000	0.578157	0.024934	0.576214	7902775.144732	5277549.725828	0.173452	0.173372
0.052000	0.578157	0.025510	0.576451	7875159.770587	5282891.345621	0.173435	0.173356
0.053000	0.578157	0.026087	0.576674	7848938.319279	5287967.997526	0.173417	0.173341
0.054000	0.578157	0.026663	0.576884	7824028.439802	5292794.030316	0.173401	0.173326
0.055000	0.578157	0.027240	0.577083	7800355.227072	5297383.026955	0.173385	0.173311
0.056000	0.578157	0.027818	0.577270	7777850.581793	5301746.913213	0.173369	0.173298
0.057000	0.578157	0.028395	0.577448	7756452.098635	5305897.090003	0.173354	0.173285
0.058000	0.578157	0.028972	0.577615	7736102.090687	5309844.197129	0.173339	0.173272
0.059000	0.578157	0.029550	0.577774	7716746.973693	5313598.249715	0.173325	0.173261
0.060000	0.578157	0.030128	0.577925	7698336.826364	5317168.599589	0.173311	0.173249
0.061000	0.578157	0.030706	0.578067	7680824.527350	5320564.446790	0.173298	0.173239
0.062000	0.578157	0.031284	0.578202	7664165.972182	5323793.982261	0.173285	0.173228
0.063000	0.578157	0.031862	0.578330	7648320.125022	5326864.897971	0.173273	0.173219
0.064000	0.578157	0.032441	0.578452	7633248.251855	5329784.715276	0.173262	0.173210
0.065000	0.578157	0.033019	0.578567	7618914.567844	5332559.838465	0.173251	0.173201
0.066000	0.578157	0.033598	0.578676	7605285.622519	5335196.698891	0.173240	0.173192
0.067000	0.578157	0.034177	0.578779	7592329.955330	5337701.252134	0.173230	0.173184
0.068000	0.578157	0.034755	0.578877	7580018.103517	5340078.960483	0.173220	0.173177
0.069000	0.578157	0.035334	0.578970	7568322.321639	5342335.396910	0.173211	0.173170
0.070000	0.578157	0.035913	0.579057	7557216.897981	5344475.067314	0.173202	0.173163
0.071000	0.578157	0.036493	0.579140	7546676.943100	5346503.292155	0.173194	0.173156
0.072000	0.578157	0.037072	0.579219	7536678.918751	5348424.350115	0.173186	0.173150
0.073000	0.578157	0.037651	0.579293	7527201.093763	5350242.248494	0.173179	0.173144
0.074000	0.578157	0.038230	0.579362	7518222.747848	5351961.148567	0.173171	0.173139
0.075000	0.578157	0.038810	0.579428	7509724.115284	5353584.881822	0.173165	0.173134
0.076000	0.578157	0.039389	0.579490	7501686.898220	5355116.725433	0.173158	0.173129
0.077000	0.578157	0.039969	0.579548	7494093.465661	5356560.354123	0.173152	0.173124
0.078000	0.578157	0.040548	0.579603	7486927.317760	5357918.678616	0.173146	0.173120
0.079000	0.578157	0.041128	0.579654	7480172.708032	5359195.019950	0.173140	0.173115
0.080000	0.578157	0.041708	0.579701	7473814.431951	5360392.332645	0.173135	0.173111
0.081000	0.578157	0.042287	0.579746	7467838.157092	5361513.349108	0.173130	0.173108
0.082000	0.578157	0.042867	0.579787	7462230.679246	5362560.399620	0.173126	0.173104
0.083000	0.578157	0.043447	0.579825	7456979.361885	5363536.053995	0.173121	0.173101
0.084000	0.578157	0.044027	0.579861	7452071.656049	5364443.130365	0.173117	0.173098
0.085000	0.578157	0.044607	0.579893	7447495.615272	5365283.744123	0.173113	0.173095
0.086000	0.578157	0.045186	0.579923	7443240.516339	5366059.679211	0.173109	0.173093
0.087000	0.578157	0.045766	0.579950	7439295.576217	5366773.491754	0.173106	0.173090
0.088000	0.578157	0.046346	0.579975	7435650.541638	5367427.000125	0.173103	0.173088
0.089000	0.578157	0.046926	0.579997	7432295.936728	5368021.979588	0.173100	0.173086
0.090000	0.578157	0.047506	0.580016	7429222.470635	5368560.401586	0.173097	0.173084
0.091000	0.578157	0.048086	0.580034	7426421.385850	5369043.880177	0.173094	0.173082
0.092000	0.578157	0.048666	0.580049	7423884.262170	5369474.122310	0.173092	0.173081
0.093000	0.578157	0.049246	0.580062	7421603.091118	5369852.640131	0.173090	0.173080
0.094000	0.578157	0.049827	0.580073	7419570.065374	5370181.266517	0.173088	0.173078
0.095000	0.578157	0.050407	0.580081	7417777.324657	5370461.315752	0.173086	0.173077
0.096000	0.578157	0.050987	0.580088	7416218.446608	5370693.750608	0.173084	0.173076
0.097000	0.578157	0.051567	0.580093	7414886.563086	5370880.388916	0.173083	0.173075
0.098000	0.578157	0.052147	0.580095	7413775.466250	5371022.259527	0.173081	0.173075
0.099000	0.578157	0.052727	0.580096	7412879.160774	5371120.572159	0.173080	0.173074
0.100000	0.578157	0.053307	0.580095	7412191.483696	5371176.676825	0.173079	0.173074
0.101000	0.578157	0.053887	0.580093	7411706.881524	5371191.606158	0.173078	0.173074
0.102000	0.578157	0.054467	0.580088	7411421.224046	5371166.427315	0.173077	0.173073
0.103000	0.578157	0.055047	0.580082	7411319.707791	5371103.659168	0.173076	0.173073
0.104000	0.578157	0.055627	0.580074	7411410.307261	5371001.540181	0.173076	0.173073
0.105000	0.578157	0.056208	0.580065	7411677.887451	5370863.210243	0.173075	0.173074
0.106000	0.578157	0.056788	0.580054	7412121.350853	5370688.561504	0.173075	0.173074
0.107000	0.578157	0.057368	0.580042	7412737.617719	5370478.390293	0.173075	0.173074
0.108000	0.578157	0.057948	0.580028	7413523.181449	5370233.398332	0.173075	0.173075
0.109000	0.578157	0.058528	0.580013	7414473.914947	5369954.965720	0.173075	0.173075
0.110000	0.578157	0.059108	0.579996	7415585.247762	5369643.782244	0.173075	0.173076
0.111000	0.578157	0.059688	0.579978	7416853.287297	5369300.816991	0.173076	0.173077
0.112000	0.578157	0.060268	0.579958	7418273.707690	5368926.950726	0.173076	0.173078
0.113000	0.578157	0.060848	0.579937	7419842.908506	5368522.641230	0.173076	0.173079
0.114000	0.578157	0.061427	0.579915	7421557.283120	5368088.708136	0.173077	0.173080
0.115000	0.578157	0.062007	0.579892	7423413.060171	5367625.965115	0.173078	0.173081
0.116000	0.578157	0.062587	0.579867	7425406.984918	5367134.840176	0.173079	0.173082
0.117000	0.578157	0.063167	0.579842	7427536.083722	5366616.021515	0.173079	0.173084
0.118000	0.578157	0.063747	0.579815	7429797.376707	5366070.020763	0.173080	0.173085
0.119000	0.578157	0.064327	0.579786	7432188.239734	5365497.242108	0.173082	0.173086
0.120000	0.578157	0.064907	0.579757	7434705.917029	5364898.470971	0.173083	0.173088
0.121000	0.578157	0.065486	0.579727	7437347.538033	5364274.332448	0.173084	0.173090
0.122000	0.578157	0.066066	0.579695	7440110.625848	5363625.015165	0.173085	0.173091
0.123000	0.578157	0.066646	0.579663	7442992.571904	5362951.511770	0.173087	0.173093
0.124000	0.578157	0.067225	0.579629	7445990.697882	5362253.983890	0.173088	0.173095
0.125000	0.578157	0.067805	0.579595	7449102.841574	5361532.983388	0.173090	0.173097
0.126000	0.578157	0.068384	0.579559	7452326.493905	5360789.128635	0.173091	0.173099
0.127000	0.578157	0.068964	0.579522	7455659.455407	5360022.632793	0.173093	0.173101
0.128000	0.578157	0.069544	0.579485	7459099.731098	5359234.000108	0.173095	0.173103
0.129000	0.578157	0.070123	0.579446	7462645.105468	5358423.759737	0.173097	0.173105
0.130000	0.578157	0.070702	0.579407	7466293.578946	5357592.163232	0.173099	0.173108
0.131000	0.578157	0.071282	0.579366	7470043.398521	5356739.553815	0.173101	0.173110
0.132000	0.578157	0.071861	0.579325	7473892.504007	5355866.606006	0.173103	0.173112
0.133000	0.578157	0.072440	0.579283	7477838.994011	5354973.418607	0.173105	0.173115
0.134000	0.578157	0.073020	0.579240	7481881.330349	5354060.348811	0.173107	0.173117
0.135000	0.578157	0.073599	0.579196	7486017.680806	5353127.923351	0.173109	0.173120
0.136000	0.578157	0.074178	0.579151	7490246.373625	5352176.296894	0.173112	0.173122
0.137000	0.578157	0.074757	0.579105	7494565.660052	5351206.096786	0.173114	0.173125
0.138000	0.578157	0.075336	0.579059	7498974.104230	5350217.495034	0.173117	0.173128
0.139000	0.578157	0.075915	0.579012	7503469.790088	5349210.776035	0.173119	0.173131
0.140000	0.578157	0.076494	0.578964	7508051.376197	5348186.166308	0.173122	0.173133
0.141000	0.578157	0.077073	0.578915	7512717.725326	5347143.806572	0.173124	0.173136
0.142000	0.578157	0.077652	0.578865	7517467.633106	5346084.056519	0.173127	0.173139
0.143000	0.578157	0.078231	0.578815	7522299.624218	5345007.347506	0.173130	0.173142
0.144000	0.578157	0.078810	0.578764	7527212.186722	5343913.993265	0.173133	0.173145
0.145000	0.578157	0.079389	0.578712	7532204.065407	5342804.096028	0.173135	0.173148
0.146000	0.578157	0.079967	0.578659	7537273.965366	5341678.052520	0.173138	0.173151
0.147000	0.578157	0.080546	0.578606	7542420.597571	5340536.050560	0.173141	0.173155
0.148000	0.578157	0.081124	0.578552	7547643.007023	5339378.157607	0.173144	0.173158
0.149000	0.578157	0.081703	0.578497	7552939.967740	5338204.842016	0.173147	0.173161
0.150000	-0.295309	0.082280	0.573737	6685157.864307	6250383.993501	0.156353	0.080501
0.151000	-0.295309	0.082844	0.551247	4853699.946194	7140502.131286	0.140987	0.071584
0.152000	-0.295309	0.083376	0.507951	2966641.027118	7611587.868372	0.126662	0.061960
0.153000	-0.295309	0.083855	0.448744	1594580.766680	7584052.290178	0.113004	0.051313
0.154000	-0.295309	0.084271	0.382353	982213.034118	7134542.267244	0.100077	0.041690
0.155000	-0.295309	0.084620	0.317601	1096989.724284	6473127.583034	0.087749	0.032070
0.156000	-0.295309	0.084909	0.260824	1706571.395451	5839477.299692	0.075933	0.022561
0.157000	-0.295309	0.085145	0.214600	2491097.656378	5425021.688029	0.064459	0.012634
0.158000	-0.295309	0.085341	0.177869	3163704.714583	5314700.672700	0.053382	0.003354
0.159000	-0.295309	0.085503	0.147216	3551534.067511	5514360.550871	0.042702	-0.005535
0.160000	-0.295309	0.085636	0.118398	3608808.443267	5987761.447595	0.032300	-0.014682
0.161000	-0.295309	0.085739	0.087676	3391505.681139	6682746.422804	0.021970	-0.024688
0.162000	-0.295309	0.085810	0.052800	3018979.900122	7553147.947052	0.011590	-0.035293
0.163000	-0.295309	0.085844	0.014041	2628833.858057	8624674.513978	0.001207	-0.045692
0.164000	-0.295309	0.085844	-0.008287	2460398.396621	12430304.894347	-0.009360	-0.057088
0.165000	-0.295309	0.085820	-0.045519	2769784.670886	20175198.077414	-0.019743	-0.066637
0.166000	-0.295309	0.085746	-0.103084	4298034.134190	24761511.565020	-0.030031	-0.076497
0.167000	-0.295309	0.085617	-0.150747	6886980.231195	25486840.014725	-0.040676	-0.088759
0.168000	-0.295309	0.085453	-0.174177	9592130.493804	25978892.354392	-0.050599	-0.095418
0.169000	-0.295309	0.085275	-0.178884	11596571.747977	27246299.600928	-0.059565	-0.100062
0.170000	-0.295309	0.085098	-0.175326	12582297.463690	28542986.428844	-0.067662	-0.104233
0.171000	-0.295309	0.084924	-0.171765	12652862.467284	29399900.364667	-0.074970	-0.107980
0.172000	-0.295309	0.084753	-0.173324	12151739.201584	29831589.716080	-0.081536	-0.111188
0.173000	-0.295309	0.084575	-0.181858	11484876.461915	29966288.977002	-0.087421	-0.114007
0.174000	-0.295309	0.084387	-0.196238	10970892.761252	29915867.878600	-0.092681	-0.116439
0.175000	-0.295309	0.084182	-0.213545	10760729.127538	29770936.054325	-0.097365	-0.118523
0.176000	-0.295309	0.083960	-0.230592	10847214.783644	29602764.780491	-0.101454	-0.119923
0.177000	-0.295309	0.083722	-0.245034	11130436.483925	29460145.425603	-0.104917	-0.120555
0.178000	-0.295309	0.083471	-0.255802	11484815.422911	29369926.339251	-0.107838	-0.121033
0.179000	-0.295309	0.083211	-0.263007	11806343.443816	29334981.606027	-0.110315	-0.121504
0.180000	-0.295309	0.082946	-0.267506	12036057.457160	29341058.085878	-0.112432	-0.121996
0.181000	-0.295309	0.082677	-0.270402	12160983.971504	29367657.691778	-0.114256	-0.122496
0.182000	-0.295309	0.082405	-0.272659	12201179.105244	29396718.145248	-0.115836	-0.122974
0.183000	-0.295309	0.082132	-0.274900	12191690.785678	29417022.721397	-0.117207	-0.123399
0.184000	-0.295309	0.081855	-0.277375	12167040.481047	29424582.382654	-0.118394	-0.123755
0.185000	-0.295309	0.081577	-0.280049	12151303.154153	29420801.409732	-0.119416	-0.124038
0.186000	-0.295309	0.081295	-0.282735	12155242.935221	29409937.996877	-0.120293	-0.124255
0.187000	-0.295309	0.081011	-0.285221	12178430.519651	29396682.360747	-0.121042	-0.124423
0.188000	-0.295309	0.080725	-0.287358	12213966.533857	29384733.995147	-0.121678	-0.124556
0.189000	-0.295309	0.080437	-0.289081	12253051.707883	29376127.933882	-0.122220	-0.124669
0.190000	-0.295309	0.080147	-0.290413	12288448.506562	29371280.924943	-0.122682	-0.124770
0.191000	-0.295309	0.079856	-0.291427	12315993.792739	29369483.430813	-0.123077	-0.124862
0.192000	-0.295309	0.079564	-0.292217	12334729.482405	29369534.120859	-0.123416	-0.124947
0.193000	-0.295309	0.079272	-0.292865	12346030.242225	29370244.357071	-0.123707	-0.125024
0.194000	-0.295309	0.078978	-0.293433	12352373.828241	29370770.467828	-0.123958	-0.125091
0.195000	-0.295309	0.078685	-0.293952	12356285.967025	29370703.346729	-0.124173	-0.125148
0.196000	-0.295309	0.078391	-0.294434	12359670.228409	29370002.907891	-0.124359	-0.125196
0.197000	-0.295309	0.078096	-0.294875	12363556.036375	29368860.359221	-0.124517	-0.125236
0.198000	-0.295309	0.077801	-0.295269	12368142.128710	29367576.877234	-0.124653	-0.125268
0.199000	-0.295309	0.077505	-0.295610	12373154.056599	29366378.360288	-0.124769	-0.125295
0.200000	-0.295309	0.077210	-0.295897	12378123.788992	29365410.866054	-0.124868	-0.125318
0.201000	-0.295309	0.076914	-0.296135	12382624.821651	29364720.850711	-0.124953	-0.125338
0.202000	-0.295309	0.076617	-0.296331	12386392.453086	29364278.314783	-0.125026	-0.125355
0.203000	-0.295309	0.076321	-0.296492	12389353.308952	29364012.305030	-0.125088	-0.125371
0.204000	-0.295309	0.076024	-0.296628	12391590.092824	29363844.479788	-0.125142	-0.125384
0.205000	-0.295309	0.075728	-0.296744	12393271.972236	29363710.827437	-0.125187	-0.125395
0.206000	-0.295309	0.075431	-0.296845	12394580.200101	29363574.116873	-0.125227	-0.125405
0.207000	-0.295309	0.075134	-0.296933	12395671.877409	29363420.779221	-0.125260	-0.125414
0.208000	-0.295309	0.074837	-0.297011	12396647.802949	29363255.071478	-0.125289	-0.125421
0.209000	-0.295309	0.074540	-0.297079	12397554.590500	29363089.303026	-0.125314	-0.125427
0.210000	-0.295309	0.074243	-0.297138	12398398.620506	29362938.667299	-0.125335	-0.125432
0.211000	-0.295309	0.073946	-0.297188	12399169.328032	29362809.466058	-0.125353	-0.125436
0.212000	-0.295309	0.073648	-0.297230	12399852.176340	29362705.147445	-0.125369	-0.125440
0.213000	-0.295309	0.073351	-0.297266	12400439.148852	29362623.795478	-0.125382	-0.125443
0.214000	-0.295309	0.073054	-0.297297	12400931.164519	29362561.010294	-0.125394	-0.125446
0.215000	-0.295309	0.072757	-0.297323	12401337.417386	29362511.196222	-0.125404	-0.125449
0.216000	-0.295309	0.072459	-0.297345	12401671.841581	29362470.156014	-0.125412	-0.125451
0.217000	-0.295309	0.072162	-0.297364	12401949.717712	29362434.425026	-0.125419	-0.125452
0.218000	-0.295309	0.071864	-0.297380	12402184.413823	29362402.356432	-0.125425	-0.125454
0.219000	-0.295309	0.071567	-0.297395	12402386.055737	29362373.295683	-0.125431	-0.125455
0.220000	-0.295309	0.071270	-0.297407	12402561.600163	29362346.996951	-0.125435	-0.125456
0.221000	-0.295309	0.070972	-0.297418	12402715.348495	29362323.688832	-0.125439	-0.125457
0.222000	-0.295309	0.070675	-0.297427	12402849.930344	29362303.431142	-0.125442	-0.125458
0.223000	-0.295309	0.070377	-0.297434	12402967.091594	29362286.112327	-0.125445	-0.125459
0.224000	-0.295309	0.070080	-0.297441	12403068.491061	29362271.397912	-0.125448	-0.125459
0.225000	-0.295309	0.069783	-0.297447	12403155.635881	29362259.066106	-0.125450	-0.125460
0.226000	-0.295309	0.069485	-0.297452	12403230.123201	29362248.691493	-0.125452	-0.125460
0.227000	-0.295309	0.069188	-0.297456	12403293.671268	29362239.873813	-0.125453	-0.125461
0.228000	-0.295309	0.068890	-0.297460	12403347.778339	29362232.431620	-0.125455	-0.125461
0.229000	-0.295309	0.068593	-0.297463	12403393.358069	29362225.897488	-0.125456	-0.125461
0.230000	-0.295309	0.068295	-0.297465	12403432.628146	29362220.311018	-0.125457	-0.125462
0.231000	-0.295309	0.067998	-0.297468	12403466.501664	29362215.473871	-0.125458	-0.125462
0.232000	-0.295309	0.067700	-0.297470	12403495.704965	29362211.312435	-0.125458	-0.125462
0.233000	-0.295309	0.067403	-0.297471	12403520.853296	29362207.742125	-0.125459	-0.125462
0.234000	-0.295309	0.067105	-0.297473	12403542.509986	29362204.665355	-0.125460	-0.125462
0.235000	-0.295309	0.066808	-0.297474	12403561.204080	29362201.984826	-0.125460	-0.125462
0.236000	-0.295309	0.066510	-0.297475	12403577.341247	29362199.672130	-0.125461	-0.125463
0.237000	-0.295309	0.066213	-0.297476	12403591.330432	29362197.633679	-0.125461	-0.125463
0.238000	-0.295309	0.065915	-0.297477	12403603.408757	29362195.902693	-0.125461	-0.125463
0.239000	-0.295309	0.065618	-0.297478	12403613.709964	29362194.491898	-0.125461	-0.125463
0.240000	-0.295309	0.065321	-0.297478	12403622.612236	29362193.202802	-0.125462	-0.125463
0.241000	-0.295309	0.065023	-0.297479	12403630.277639	29362192.115208	-0.125462	-0.125463
0.242000	-0.295309	0.064726	-0.297479	12403636.952368	29362191.123738	-0.125462	-0.125463
0.243000	-0.295309	0.064428	-0.297480	12403642.783733	29362190.251491	-0.125462	-0.125463
0.244000	-0.295309	0.064131	-0.297480	12403647.829110	29362189.522486	-0.125462	-0.125463
0.245000	-0.295309	0.063833	-0.297480	12403652.207247	29362188.880428	-0.125462	-0.125463
0.246000	-0.295309	0.063536	-0.297481	12403655.994325	29362188.332762	-0.125463	-0.125463
0.247000	-0.295309	0.063238	-0.297481	12403659.230893	29362187.884818	-0.125463	-0.125463
0.248000	-0.295309	0.062941	-0.297481	12403661.953110	29362187.530295	-0.125463	-0.125463
0.249000	-0.295309	0.062643	-0.297481	12403664.291457	29362187.197140	-0.125463	-0.125463
0.250000	-0.295309	0.062346	-0.297481	12403666.333395	29362186.891033	-0.125463	-0.125463
0.251000	-0.295309	0.062048	-0.297481	12403668.115239	29362186.625161	-0.125463	-0.125463
0.252000	-0.295309	0.061751	-0.297481	12403669.651213	29362186.405612	-0.125463	-0.125463
0.253000	-0.295309	0.061453	-0.297482	12403670.951942	29362186.231406	-0.125463	-0.125463
0.254000	-0.295309	0.061156	-0.297482	12403672.118437	29362186.038711	-0.125463	-0.125463
0.255000	-0.295309	0.060858	-0.297482	12403673.119380	29362185.900017	-0.125463	-0.125463
0.256000	-0.295309	0.060561	-0.297482	12403673.924979	29362185.814160	-0.125463	-0.125463
0.257000	-0.295309	0.060263	-0.297482	12403674.713077	29362185.648344	-0.125463	-0.125463
0.258000	-0.295309	0.059966	-0.297482	12403675.319407	29362185.605576	-0.125463	-0.125463
0.259000	-0.295309	0.059668	-0.297482	12403675.891551	29362185.491892	-0.125463	-0.125463
0.260000	-0.295309	0.059371	-0.297482	12403676.370591	29362185.434386	-0.125463	-0.125463
0.261000	-0.295309	0.059073	-0.297482	12403676.781334	29362185.374779	-0.125463	-0.125463
0.262000	-0.295309	0.058776	-0.297482	12403677.156796	29362185.309720	-0.125463	-0.125463
0.263000	-0.295309	0.058478	-0.297482	12403677.420416	29362185.304770	-0.125463	-0.125463
0.264000	-0.295309	0.058181	-0.297482	12403677.708944	29362185.227548	-0.125463	-0.125463
0.265000	-0.295309	0.057883	-0.297482	12403678.019131	29362185.153847	-0.125463	-0.125463
0.266000	-0.295309	0.057586	-0.297482	12403678.224996	29362185.158553	-0.125463	-0.125463
0.267000	-0.295309	0.057289	-0.297482	12403678.356312	29362185.160788	-0.125463	-0.125463
0.268000	-0.295309	0.056991	-0.297482	12403678.461705	29362185.148818	-0.125463	-0.125463
0.269000	-0.295309	0.056694	-0.297482	12403678.479933	29362185.184936	-0.125463	-0.125463
0.270000	-0.295309	0.056396	-0.297482	12403678.472573	29362185.195122	-0.125463	-0.125463
0.271000	-0.295309	0.056099	-0.297482	12403678.580120	29362185.119316	-0.125463	-0.125463
0.272000	-0.295309	0.055801	-0.297482	12403678.677260	29362185.108038	-0.125463	-0.125463
0.273000	-0.295309	0.055504	-0.297482	12403678.752476	29362185.100140	-0.125463	-0.125463
0.274000	-0.295309	0.055206	-0.297482	12403678.823776	29362185.086377	-0.125463	-0.125463
0.275000	-0.295309	0.054909	-0.297482	12403678.897263	29362185.069747	-0.125463	-0.125463
0.276000	-0.295309	0.054611	-0.297482	12403678.971956	29362185.053375	-0.125463	-0.125463
0.277000	-0.295309	0.054314	-0.297482	12403679.043966	29362185.039273	-0.125463	-0.125463
0.278000	-0.295309	0.054016	-0.297482	12403679.109325	29362185.028280	-0.125463	-0.125463
0.279000	-0.295309	0.053719	-0.297482	12403679.165415	29362185.020352	-0.125463	-0.125463
0.280000	-0.295309	0.053421	-0.297482	12403679.211340	29362185.014943	-0.125463	-0.125463
0.281000	-0.295309	0.053124	-0.297482	12403679.248808	29362185.011180	-0.125463	-0.125463
0.282000	-0.295309	0.052826	-0.297482	12403679.276631	29362185.008762	-0.125463	-0.125463
0.283000	-0.295309	0.052529	-0.297482	12403679.298027	29362185.006931	-0.125463	-0.125463
0.284000	-0.295309	0.052231	-0.297482	12403679.314705	29362185.005373	-0.125463	-0.125463
0.285000	-0.295309	0.051934	-0.297482	12403679.328047	29362185.003941	-0.125463	-0.125463
0.286000	-0.295309	0.051636	-0.297482	12403679.339042	29362185.002591	-0.125463	-0.125463
0.287000	-0.295309	0.051339	-0.297482	12403679.348323	29362185.001338	-0.125463	-0.125463
0.288000	-0.295309	0.051041	-0.297482	12403679.356264	29362185.000216	-0.125463	-0.125463
0.289000	-0.295309	0.050744	-0.297482	12403679.363074	29362184.999247	-0.125463	-0.125463
0.290000	-0.295309	0.050446	-0.297482	12403679.368876	29362184.998439	-0.125463	-0.125463
0.291000	-0.295309	0.050149	-0.297482	12403679.373767	29362184.997785	-0.125463	-0.125463
0.292000	-0.295309	0.049851	-0.297482	12403679.377839	29362184.997265	-0.125463	-0.125463
0.293000	-0.295309	0.049554	-0.297482	12403679.381194	29362184.996855	-0.125463	-0.125463
0.294000	-0.295309	0.049257	-0.297482	12403679.383937	29362184.996529	-0.125463	-0.125463
0.295000	-0.295309	0.048959	-0.297482	12403679.386172	29362184.996268	-0.125463	-0.125463
0.296000	-0.295309	0.048662	-0.297482	12403679.387993	29362184.996054	-0.125463	-0.125463
0.297000	-0.295309	0.048364	-0.297482	12403679.389484	29362184.995876	-0.125463	-0.125463
0.298000	-0.295309	0.048067	-0.297482	12403679.390710	29362184.995726	-0.125463	-0.125463
0.299000	-0.295309	0.047769	-0.297482	12403679.391724	29362184.995600	-0.125463	-0.125463
0.300000	0.418988	0.000009	0.020249	2807096.547882	2397062.341386	0.013228	0.072972
0.301000	0.418988	0.000045	0.053581	4237627.424537	2010976.712814	0.025299	0.079820
0.302000	0.418988	0.000121	0.099799	5621949.010350	2732281.501186	0.036561	0.087427
0.303000	0.418988	0.000247	0.151722	6419037.488978	3993067.897988	0.047298	0.095796
0.304000	0.418988	0.000424	0.201857	6519648.356787	5179789.826697	0.057676	0.104550
0.305000	0.418988	0.000647	0.243067	6163122.917861	5913358.952794	0.067588	0.112357
0.306000	0.418988	0.000904	0.268348	5800170.171621	6023932.796249	0.076180	0.114987
0.307000	0.418988	0.001178	0.277507	5915540.265625	5554480.939611	0.083602	0.117126
0.308000	0.418988	0.001457	0.278596	6729293.966517	4848490.367669	0.090018	0.118994
0.309000	0.418988	0.001736	0.280718	8065027.465218	4284361.052507	0.095609	0.120863
0.310000	0.418988	0.002020	0.288841	9518269.407552	4015301.146336	0.100473	0.122441
0.311000	0.418988	0.002316	0.303126	10702814.942709	4008723.732329	0.104653	0.123536
0.312000	0.418988	0.002628	0.320692	11412463.777072	4164171.458608	0.108189	0.124156
0.313000	0.418988	0.002957	0.337926	11648198.527261	4376757.602013	0.111134	0.124439
0.314000	0.418988	0.003302	0.352182	11547810.700966	4565922.282944	0.113568	0.124560
0.315000	0.418988	0.003660	0.362446	11288581.120443	4689439.571074	0.115578	0.124659
0.316000	0.418988	0.004026	0.369120	11014135.750242	4743274.626710	0.117251	0.124807
0.317000	0.418988	0.004398	0.373378	10802882.300459	4748654.462681	0.118658	0.125013
0.318000	0.418988	0.004773	0.376502	10671076.231590	4734688.143334	0.119852	0.125246
0.319000	0.418988	0.005150	0.379441	10595041.838510	4724996.961368	0.120869	0.125465
0.320000	0.418988	0.005532	0.382649	10537183.936482	4731862.931404	0.121734	0.125640
0.321000	0.418988	0.005916	0.386148	10466101.724938	4756705.912547	0.122463	0.125757
0.322000	0.418988	0.006304	0.389709	10366184.712448	4793981.768259	0.123072	0.125820
0.323000	0.418988	0.006695	0.393041	10237664.905827	4835774.189133	0.123574	0.125845
0.324000	0.418988	0.007090	0.395934	10090968.775383	4875257.031343	0.123986	0.125849
0.325000	0.418988	0.007487	0.398303	9939955.770033	4908461.146836	0.124323	0.125844
0.326000	0.418988	0.007886	0.400191	9796099.802497	4934578.643951	0.124598	0.125840
0.327000	0.418988	0.008287	0.401708	9665843.056538	4955019.365918	0.124823	0.125839
0.328000	0.418988	0.008690	0.402985	9550390.095294	4972146.183707	0.125007	0.125840
0.329000	0.418988	0.009093	0.404130	9447344.309442	4988157.798360	0.125158	0.125839
0.330000	0.418988	0.009498	0.405205	9352826.177903	5004451.207904	0.125280	0.125833
0.331000	0.418988	0.009904	0.406234	9263231.089008	5021493.720625	0.125379	0.125822
0.332000	0.418988	0.010310	0.407210	9176234.115286	5039029.573154	0.125456	0.125806
0.333000	0.418988	0.010718	0.408117	9091025.222321	5056448.633856	0.125516	0.125787
0.334000	0.418988	0.011126	0.408938	9007935.567860	5073134.597642	0.125561	0.125764
0.335000	0.418988	0.011536	0.409670	8927824.730099	5088690.151315	0.125594	0.125742
0.336000	0.418988	0.011946	0.410318	8851530.187416	5102997.402404	0.125616	0.125719
0.337000	0.418988	0.012356	0.410894	8779535.737797	5116169.407397	0.125631	0.125698
0.338000	0.418988	0.012768	0.411415	8711852.982212	5128446.378371	0.125639	0.125677
0.339000	0.418988	0.013179	0.411894	8648139.199610	5140076.435573	0.125642	0.125656
0.340000	0.418988	0.013591	0.412341	8587886.858014	5151243.988862	0.125641	0.125636
0.341000	0.418988	0.014004	0.412763	8530577.213097	5162047.159087	0.125637	0.125616
0.342000	0.418988	0.014417	0.413161	8475801.777709	5172505.734682	0.125629	0.125596
0.343000	0.418988	0.014830	0.413535	8423303.536181	5182592.513685	0.125620	0.125576
0.344000	0.418988	0.015244	0.413886	8372956.926781	5192268.177919	0.125608	0.125557
0.345000	0.418988	0.015658	0.414215	8324715.674453	5201506.511219	0.125595	0.125538
0.346000	0.418988	0.016072	0.414522	8278557.233280	5210305.533099	0.125582	0.125519
0.347000	0.418988	0.016487	0.414809	8234442.366713	5218686.613690	0.125567	0.125502
0.348000	0.418988	0.016902	0.415080	8192297.751231	5226685.274814	0.125552	0.125485
0.349000	0.418988	0.017317	0.415336	8152018.489954	5234340.666930	0.125537	0.125468
0.350000	0.418988	0.017733	0.415579	8113482.078793	5241687.222218	0.125522	0.125453
0.351000	0.418988	0.018148	0.415811	8076565.979630	5248749.668222	0.125507	0.125437
0.352000	0.418988	0.018564	0.416032	8041159.841494	5255544.280357	0.125491	0.125423
0.353000	0.418988	0.018980	0.416243	8007171.262671	5262080.876577	0.125476	0.125408
0.354000	0.418988	0.019397	0.416444	7974525.798168	5268365.926113	0.125461	0.125395
0.355000	0.418988	0.019813	0.416636	7943162.556916	5274406.084854	0.125447	0.125381
0.356000	0.418988	0.020230	0.416820	7913028.167787	5280209.459652	0.125433	0.125368
0.357000	0.418988	0.020647	0.416996	7884072.005838	5285785.987072	0.125419	0.125356
0.358000	0.418988	0.021064	0.417164	7856243.641284	5291146.773968	0.125405	0.125344
0.359000	0.418988	0.021481	0.417325	7829491.777402	5296303.539609	0.125392	0.125333
0.360000	0.418988	0.021899	0.417480	7803765.088056	5301267.278104	0.125379	0.125322
0.361000	0.418988	0.022316	0.417629	7779014.241746	5306047.355816	0.125367	0.125311
0.362000	0.418988	0.022734	0.417772	7755193.043196	5310652.088216	0.125355	0.125301
0.363000	0.418988	0.023152	0.417909	7732258.344399	5315088.966032	0.125343	0.125291
0.364000	0.418988	0.023570	0.418041	7710171.039721	5319364.319962	0.125332	0.125281
0.365000	0.418988	0.023988	0.418168	7688895.001739	5323484.400607	0.125321	0.125272
0.366000	0.418988	0.024406	0.418290	7668396.780203	5327454.858792	0.125311	0.125263
0.367000	0.418988	0.024824	0.418408	7648644.965008	5331281.775464	0.125301	0.125255
0.368000	0.418988	0.025243	0.418521	7629609.711979	5334970.634560	0.125291	0.125247
0.369000	0.418988	0.025661	0.418631	7611262.335772	5338527.074605	0.125281	0.125239
0.370000	0.418988	0.026080	0.418736	7593575.323601	5341956.373416	0.125272	0.125231
0.371000	0.418988	0.026499	0.418837	7576522.467598	5345263.481459	0.125264	0.125224
0.372000	0.418988	0.026918	0.418935	7560078.614339	5348453.307942	0.125255	0.125217
0.373000	0.418988	0.027337	0.419029	7544220.195116	5351529.946729	0.125247	0.125210
0.374000	0.418988	0.027756	0.419120	7528924.969571	5354497.586608	0.125239	0.125203
0.375000	0.418988	0.028175	0.419207	7514171.761138	5357360.198001	0.125231	0.125197
0.376000	0.418988	0.028594	0.419292	7499940.598184	5360121.415667	0.125224	0.125191
0.377000	0.418988	0.029014	0.419373	7486212.330002	5362784.998874	0.125217	0.125185
0.378000	0.418988	0.029433	0.419452	7472968.849372	5365354.202244	0.125210	0.125179
0.379000	0.418988	0.029853	0.419527	7460192.973413	5367832.271146	0.125203	0.125174
0.380000	0.418988	0.030272	0.419600	7447868.417814	5370222.179962	0.125197	0.125168
0.381000	0.418988	0.030692	0.419670	7435979.603579	5372527.009591	0.125191	0.125163
0.382000	0.418988	0.031111	0.419738	7424511.399082	5374749.758522	0.125185	0.125158
0.383000	0.418988	0.031531	0.419804	7413449.369050	5376893.127976	0.125179	0.125153
0.384000	0.418988	0.031951	0.419866	7402779.770365	5378959.712481	0.125174	0.125149
0.385000	0.418988	0.032371	0.419927	7392489.810642	5380951.681599	0.125168	0.125144
0.386000	0.418988	0.032791	0.419986	7382567.003294	5382871.709737	0.125163	0.125140
0.387000	0.418988	0.033211	0.420042	7372999.371350	5384721.912053	0.125158	0.125136
0.388000	0.418988	0.033631	0.420096	7363775.365991	5386504.798540	0.125154	0.125132
0.389000	0.418988	0.034051	0.420148	7354884.168989	5388222.067920	0.125149	0.125128
0.390000	0.418988	0.034471	0.420198	7346315.357776	5389875.867580	0.125145	0.125125
0.391000	0.418988	0.034892	0.420247	7338059.071315	5391467.932035	0.125140	0.125121
0.392000	0.418988	0.035312	0.420293	7330105.776532	5393000.208241	0.125136	0.125118
0.393000	0.418988	0.035732	0.420338	7322446.129864	5394474.598649	0.125132	0.125114
0.394000	0.418988	0.036152	0.420381	7315071.159217	5395892.806409	0.125129	0.125111
0.395000	0.418988	0.036573	0.420422	7307972.380773	5397256.348365	0.125125	0.125108
0.396000	0.418988	0.036993	0.420462	7301141.793312	5398566.738571	0.125121	0.125105
0.397000	0.418988	0.037414	0.420500	7294571.540414	5399825.605019	0.125118	0.125102
0.398000	0.418988	0.037834	0.420536	7288254.335870	5401034.120713	0.125115	0.125100
0.399000	0.418988	0.038255	0.420571	7282182.960778	5402193.905032	0.125112	0.125097
0.400000	0.418988	0.038675	0.420605	7276350.433564	5403306.275543	0.125108	0.125095
0.401000	0.418988	0.039096	0.420637	7270749.917837	5404372.652771	0.125106	0.125092
0.402000	0.418988	0.039517	0.420667	7265374.767702	5405394.348054	0.125103	0.125090
0.403000	0.418988	0.039937	0.420697	7260219.083080	5406372.130952	0.125100	0.125088
0.404000	0.418988	0.040358	0.420725	7255277.057334	5407307.304328	0.125098	0.125086
0.405000	0.418988	0.040779	0.420751	7250543.093021	5408200.924361	0.125095	0.125084
0.406000	0.418988	0.041200	0.420777	7246011.403877	5409054.396582	0.125093	0.125082
0.407000	0.418988	0.041620	0.420801	7241676.640885	5409868.535684	0.125090	0.125080
0.408000	0.418988	0.042041	0.420824	7237533.721652	5410644.322230	0.125088	0.125078
0.409000	0.418988	0.042462	0.420846	7233577.706508	5411382.753609	0.125086	0.125077
0.410000	0.418988	0.042883	0.420867	7229803.970677	5412084.618421	0.125084	0.125075
0.411000	0.418988	0.043304	0.420886	7226208.045414	5412750.816640	0.125082	0.125074
0.412000	0.418988	0.043725	0.420905	7222785.272449	5413382.506732	0.125080	0.125072
0.413000	0.418988	0.044146	0.420922	7219531.513731	5413980.166851	0.125079	0.125071
0.414000	0.418988	0.044567	0.420939	7216442.451387	5414544.967371	0.125077	0.125069
0.415000	0.418988	0.044988	0.420954	7213514.147523	5415077.444475	0.125075	0.125068
0.416000	0.418988	0.045408	0.420969	7210742.677644	5415578.471840	0.125074	0.125067
0.417000	0.418988	0.045829	0.420982	7208124.425039	5416048.635290	0.125072	0.125066
0.418000	0.418988	0.046250	0.420995	7205655.890702	5416488.628406	0.125071	0.125065
0.419000	0.418988	0.046671	0.421006	7203333.502277	5416899.289592	0.125070	0.125064
0.420000	0.418988	0.047092	0.421017	7201153.542502	5417281.508136	0.125069	0.125063
0.421000	0.418988	0.047513	0.421027	7199113.015981	5417635.451480	0.125068	0.125062
0.422000	0.418988	0.047935	0.421036	7197208.746540	5417961.934859	0.125066	0.125061
0.423000	0.418988	0.048356	0.421044	7195437.776765	5418261.493570	0.125065	0.125061
0.424000	0.418988	0.048777	0.421052	7193796.748672	5418535.060340	0.125064	0.125060
0.425000	0.418988	0.049198	0.421058	7192282.647389	5418783.271543	0.125064	0.125059
0.426000	0.418988	0.049619	0.421064	7190892.669903	5419006.244063	0.125063	0.125059
0.427000	0.418988	0.050040	0.421069	7189624.531129	5419204.305785	0.125062	0.125058
0.428000	0.418988	0.050461	0.421073	7188476.046450	5419377.889831	0.125061	0.125058
0.429000	0.418988	0.050882	0.421077	7187444.614076	5419527.914741	0.125061	0.125058
0.430000	0.418988	0.051303	0.421080	7186528.190195	5419654.589023	0.125060	0.125057
0.431000	0.418988	0.051724	0.421082	7185723.698028	5419758.850600	0.125059	0.125057
0.432000	0.418988	0.052145	0.421083	7185029.290846	5419840.876349	0.125059	0.125057
0.433000	0.418988	0.052566	0.421084	7184442.137534	5419901.353211	0.125059	0.125056
0.434000	0.418988	0.052987	0.421084	7183960.856381	5419940.428802	0.125058	0.125056
0.435000	0.418988	0.053408	0.421083	7183581.929924	5419959.029045	0.125058	0.125056
0.436000	0.418988	0.053830	0.421082	7183303.933094	5419957.053970	0.125057	0.125056
0.437000	0.418988	0.054251	0.421080	7183123.755475	5419935.132670	0.125057	0.125056
0.438000	0.418988	0.054672	0.421078	7183039.808073	5419893.427531	0.125057	0.125056
0.439000	0.418988	0.055093	0.421074	7183050.715470	5419832.122535	0.125057	0.125056
0.440000	0.418988	0.055514	0.421071	7183154.869705	5419751.751513	0.125057	0.125056
0.441000	0.418988	0.055935	0.421066	7183348.980499	5419652.778416	0.125057	0.125056
0.442000	0.418988	0.056356	0.421062	7183632.586054	5419535.075894	0.125057	0.125057
0.443000	0.418988	0.056777	0.421056	7184005.459095	5419398.899398	0.125057	0.125057
0.444000	0.418988	0.057198	0.421050	7184466.181954	5419244.900548	0.125057	0.125057
0.445000	0.418988	0.057619	0.421043	7185012.797721	5419073.712206	0.125057	0.125057
0.446000	0.418988	0.058040	0.421036	7185643.251863	5418885.700928	0.125057	0.125058
0.447000	0.418988	0.058461	0.421029	7186355.685810	5418681.321425	0.125057	0.125058
0.448000	0.418988	0.058882	0.421020	7187148.209045	5418460.731135	0.125057	0.125058
0.449000	0.418988	0.059303	0.421012	7188019.361813	5418224.198954	0.125058	0.125059
0.450000	-0.606261	0.059723	0.415955	6290019.315739	6542285.377618	0.109016	0.036561
0.451000	-0.606261	0.060128	0.391161	4345997.818431	7829750.585622	0.094169	0.027108
0.452000	-0.606261	0.060497	0.343164	2321529.942479	8572135.010036	0.080169	0.016938
0.453000	-0.606261	0.060809	0.278084	869195.005234	8560511.188708	0.066484	0.004674
0.454000	-0.606261	0.061051	0.206223	200412.815753	7978782.871113	0.052231	-0.012145
0.455000	-0.606261	0.061222	0.136574	144035.787512	7206868.480678	0.037092	-0.031284
0.456000	-0.606261	0.061327	0.074125	363518.098771	6553618.937234	0.021477	-0.049051
0.457000	-0.606261	0.061373	0.020286	520240.125560	6276484.644924	0.005756	-0.065255
0.458000	-0.606261	0.061375	-0.010023	528264.496513	9007746.688645	-0.010436	-0.083569
0.459000	-0.606261	0.061347	-0.052554	1181319.529495	18824340.314955	-0.026504	-0.099077
0.460000	-0.606261	0.061260	-0.123243	3171809.022771	25980381.405062	-0.042832	-0.116582
0.461000	-0.606261	0.061103	-0.186381	6219395.010728	27358447.402629	-0.059874	-0.136847
0.462000	-0.606261	0.060897	-0.223013	9118546.104580	27862575.132273	-0.077214	-0.155535
0.463000	-0.606261	0.060664	-0.240112	10924041.807824	28752032.022469	-0.094031	-0.169985
0.464000	-0.606261	0.060419	-0.249980	11445541.025875	29480651.491797	-0.109919	-0.181682
0.465000	-0.606261	0.060163	-0.262041	11065532.159137	29887596.387449	-0.124531	-0.190527
0.466000	-0.606261	0.059892	-0.280755	10368152.044219	30049777.967991	-0.137956	-0.198595
0.467000	-0.606261	0.059600	-0.305900	9807285.283883	30062962.305056	-0.150341	-0.206279
0.468000	-0.606261	0.059279	-0.334609	9566544.330303	30003353.551000	-0.161816	-0.213646
0.469000	-0.606261	0.058930	-0.363705	9610750.375698	29923178.568059	-0.172483	-0.220664
0.470000	-0.606261	0.058553	-0.391025	9820734.728625	29847768.093456	-0.182246	-0.226342
0.471000	-0.606261	0.058149	-0.415582	10092651.893834	29783841.076644	-0.190955	-0.230295
0.472000	-0.606261	0.057722	-0.437195	10361408.978690	29733774.138292	-0.198724	-0.233819
0.473000	-0.606261	0.057276	-0.456139	10595495.131973	29695479.028868	-0.205656	-0.236966
0.474000	-0.606261	0.056811	-0.472840	10788060.926804	29665376.342598	-0.211841	-0.239778
0.475000	-0.606261	0.056331	-0.487708	10944950.895675	29640318.981212	-0.217360	-0.242288
0.476000	-0.606261	0.055836	-0.501383	11076236.509470	29617117.044349	-0.222284	-0.244528
0.477000	-0.606261	0.055326	-0.517571	11258267.474997	29558982.227679	-0.226678	-0.246523
0.478000	-0.606261	0.054802	-0.531562	11477967.743769	29510613.207280	-0.230590	-0.248261
0.479000	-0.606261	0.054264	-0.543353	11679945.142961	29474694.788985	-0.234072	-0.249801
0.480000	-0.606261	0.053716	-0.553257	11847972.660492	29446779.096108	-0.237061	-0.250563
0.481000	-0.606261	0.053158	-0.561619	11984520.156691	29424305.770941	-0.239611	-0.251132
0.482000	-0.606261	0.052593	-0.568727	12095737.848956	29405735.055599	-0.241788	-0.251621
0.483000	-0.606261	0.052021	-0.574805	12187568.481389	29390017.323348	-0.243646	-0.252039
0.484000	-0.606261	0.051443	-0.580026	12264720.373583	29376477.716730	-0.245232	-0.252396
0.485000	-0.606261	0.050861	-0.584518	12330551.299130	29364700.738753	-0.246585	-0.252699
0.486000	-0.606261	0.050275	-0.588385	12387312.395688	29354424.587288	-0.247739	-0.252956
0.487000	-0.606261	0.049684	-0.591710	12436517.418048	29345469.165321	-0.248724	-0.253173
0.488000	-0.606261	0.049091	-0.594565	12479219.625856	29337692.352030	-0.249564	-0.253358
0.489000	-0.606261	0.048495	-0.597013	12516215.859370	29330967.171938	-0.250279	-0.253514
0.490000	-0.606261	0.047897	-0.599109	12548180.646123	29325174.380447	-0.250889	-0.253647
0.491000	-0.606261	0.047297	-0.600901	12575708.024081	29320200.975273	-0.251409	-0.253759
0.492000	-0.606261	0.046696	-0.602432	12599353.144976	29315940.746016	-0.251852	-0.253855
0.493000	-0.606261	0.046092	-0.603739	12619609.919775	29312297.838724	-0.252230	-0.253936
0.494000	-0.606261	0.045488	-0.604854	12636936.220471	29309185.586505	-0.252552	-0.254006
0.495000	-0.606261	0.044883	-0.605805	12651739.871223	29306528.656730	-0.252826	-0.254065
0.496000	-0.606261	0.044277	-0.606616	12664375.132594	29304261.545712	-0.253059	-0.254115
0.497000	-0.606261	0.043670	-0.607308	12675158.069646	29302325.747971	-0.253258	-0.254157
0.498000	-0.606261	0.043062	-0.607898	12684358.234852	29300674.451862	-0.253428	-0.254194
0.499000	-0.606261	0.042454	-0.608400	12692205.939229	29299265.406935	-0.253572	-0.254225
0.500000	-0.606261	0.041845	-0.608829	12698897.910649	29298062.973193	-0.253695	-0.254251
0.501000	-0.606261	0.041236	-0.609194	12704603.709221	29297038.452189	-0.253799	-0.254273
0.502000	-0.606261	0.040627	-0.609505	12709470.378348	29296164.044613	-0.253889	-0.254292
0.503000	-0.606261	0.040017	-0.609771	12713620.466993	29295418.096901	-0.253965	-0.254309
0.504000	-0.606261	0.039407	-0.609997	12717158.726541	29294782.210439	-0.254029	-0.254322
0.505000	-0.606261	0.038797	-0.610189	12720174.930547	29294240.205466	-0.254084	-0.254334
0.506000	-0.606261	0.038187	-0.610353	12722744.841181	29293778.272163	-0.254131	-0.254344
0.507000	-0.606261	0.037576	-0.610493	12724934.910631	29293384.273792	-0.254171	-0.254353
0.508000	-0.606261	0.036966	-0.610612	12726801.200070	29293048.746378	-0.254205	-0.254360
0.509000	-0.606261	0.036355	-0.610714	12728391.539492	29292762.303732	-0.254234	-0.254366
0.510000	-0.606261	0.035745	-0.610800	12729747.028584	29292518.718098	-0.254259	-0.254372
0.511000	-0.606261	0.035134	-0.610874	12730901.798689	29292310.619658	-0.254280	-0.254376
0.512000	-0.606261	0.034523	-0.610936	12731886.145215	29292133.724018	-0.254298	-0.254380
0.513000	-0.606261	0.033912	-0.610990	12732724.190340	29291982.830244	-0.254313	-0.254383
0.514000	-0.606261	0.033301	-0.611035	12733438.380735	29291854.319729	-0.254326	-0.254386
0.515000	-0.606261	0.032690	-0.611074	12734047.706379	29291744.598532	-0.254337	-0.254388
0.516000	-0.606261	0.032079	-0.611107	12734566.841455	29291651.053741	-0.254347	-0.254390
0.517000	-0.606261	0.031467	-0.611136	12735008.890924	29291571.350774	-0.254355	-0.254392
0.518000	-0.606261	0.030856	-0.611160	12735385.796673	29291503.410848	-0.254362	-0.254393
0.519000	-0.606261	0.030245	-0.611180	12735707.100010	29291445.443129	-0.254368	-0.254395
0.520000	-0.606261	0.029634	-0.611198	12735981.172789	29291396.096761	-0.254373	-0.254396
0.521000	-0.606261	0.029023	-0.611213	12736215.029594	29291353.930767	-0.254377	-0.254397
0.522000	-0.606261	0.028412	-0.611225	12736414.984397	29291317.827160	-0.254381	-0.254397
0.523000	-0.606261	0.027800	-0.611236	12736585.834359	29291287.004973	-0.254384	-0.254398
0.524000	-0.606261	0.027189	-0.611246	12736731.680836	29291260.711631	-0.254386	-0.254399
0.525000	-0.606261	0.026578	-0.611254	12736856.193864	29291238.246385	-0.254389	-0.254399
0.526000	-0.606261	0.025967	-0.611260	12736962.676160	29291218.979279	-0.254391	-0.254400
0.527000	-0.606261	0.025355	-0.611266	12737053.761334	29291202.504209	-0.254392	-0.254400
0.528000	-0.606261	0.024744	-0.611271	12737131.746603	29291188.369242	-0.254394	-0.254400
0.529000	-0.606261	0.024133	-0.611276	12737198.575530	29291176.244402	-0.254395	-0.254400
0.530000	-0.606261	0.023521	-0.611279	12737255.596585	29291165.972301	-0.254396	-0.254401
0.531000	-0.606261	0.022910	-0.611282	12737304.151744	29291157.225536	-0.254397	-0.254401
0.532000	-0.606261	0.022299	-0.611285	12737345.635721	29291149.710170	-0.254398	-0.254401
0.533000	-0.606261	0.021688	-0.611287	12737381.179833	29291143.253388	-0.254398	-0.254401
0.534000	-0.606261	0.021076	-0.611289	12737411.212083	29291137.759886	-0.254399	-0.254401
0.535000	-0.606261	0.020465	-0.611291	12737437.484597	29291132.999089	-0.254399	-0.254401
0.536000	-0.606261	0.019854	-0.611292	12737459.581019	29291128.982570	-0.254400	-0.254401
0.537000	-0.606261	0.019242	-0.611293	12737478.380828	29291125.613668	-0.254400	-0.254402
0.538000	-0.606261	0.018631	-0.611294	12737494.375834	29291122.741873	-0.254400	-0.254402
0.539000	-0.606261	0.018020	-0.611295	12737508.111149	29291120.244079	-0.254400	-0.254402
0.540000	-0.606261	0.017409	-0.611296	12737519.929846	29291118.092056	-0.254401	-0.254402
0.541000	-0.606261	0.016797	-0.611297	12737530.201615	29291116.195477	-0.254401	-0.254402
0.542000	-0.606261	0.016186	-0.611297	12737538.989702	29291114.610150	-0.254401	-0.254402
0.543000	-0.606261	0.015575	-0.611298	12737546.530374	29291113.238955	-0.254401	-0.254402
0.544000	-0.606261	0.014963	-0.611298	12737552.857596	29291112.125671	-0.254401	-0.254402
0.545000	-0.606261	0.014352	-0.611299	12737558.210901	29291111.167367	-0.254401	-0.254402
0.546000	-0.606261	0.013741	-0.611299	12737562.927406	29291110.278147	-0.254401	-0.254402
0.547000	-0.606261	0.013129	-0.611299	12737567.005128	29291109.533240	-0.254402	-0.254402
0.548000	-0.606261	0.012518	-0.611299	12737570.443678	29291108.922931	-0.254402	-0.254402
0.549000	-0.606261	0.011907	-0.611300	12737573.447653	29291108.361398	-0.254402	-0.254402
0.550000	-0.606261	0.011296	-0.611300	12737575.976962	29291107.915179	-0.254402	-0.254402
0.551000	-0.606261	0.010684	-0.611300	12737578.179150	29291107.504610	-0.254402	-0.254402
0.552000	-0.606261	0.010073	-0.611300	12737579.994378	29291107.193886	-0.254402	-0.254402
0.553000	-0.606261	0.009462	-0.611300	12737581.565180	29291106.902085	-0.254402	-0.254402
0.554000	-0.606261	0.008850	-0.611300	12737582.980310	29291106.628771	-0.254402	-0.254402
0.555000	-0.606261	0.008239	-0.611300	12737584.280477	29291106.376582	-0.254402	-0.254402
0.556000	-0.606261	0.007628	-0.611300	12737585.446215	29291106.153760	-0.254402	-0.254402
0.557000	-0.606261	0.007016	-0.611300	12737586.299627	29291106.030923	-0.254402	-0.254402
0.558000	-0.606261	0.006405	-0.611300	12737586.980960	29291105.915105	-0.254402	-0.254402
0.559000	-0.606261	0.005794	-0.611300	12737587.583412	29291105.800332	-0.254402	-0.254402
0.560000	-0.606261	0.005183	-0.611301	12737588.137016	29291105.691099	-0.254402	-0.254402
0.561000	-0.606261	0.004571	-0.611301	12737588.652412	29291105.589519	-0.254402	-0.254402
0.562000	-0.606261	0.003960	-0.611301	12737589.119280	29291105.499338	-0.254402	-0.254402
0.563000	-0.606261	0.003349	-0.611301	12737589.372328	29291105.487758	-0.254402	-0.254402
0.564000	-0.606261	0.002737	-0.611301	12737589.537795	29291105.465886	-0.254402	-0.254402
0.565000	-0.606261	0.002126	-0.611301	12737589.855087	29291105.365164	-0.254402	-0.254402
0.566000	-0.606261	0.001515	-0.611301	12737590.226238	29291105.278661	-0.254402	-0.254402
0.567000	-0.606261	0.000903	-0.611301	12737590.560589	29291105.215348	-0.254402	-0.254402
0.568000	-0.606261	0.000292	-0.611301	12737590.827845	29291105.171235	-0.254402	-0.254402
0.569000	-0.606261	-0.000319	-0.611301	12737591.036334	29291105.139690	-0.254402	-0.254402
0.570000	-0.606261	-0.000930	-0.611301	12737591.176634	29291105.120034	-0.254402	-0.254402
0.571000	-0.606261	-0.001542	-0.611301	12737591.276736	29291105.106283	-0.254402	-0.254402
0.572000	-0.606261	-0.002153	-0.611301	12737591.347644	29291105.096421	-0.254402	-0.254402
0.573000	-0.606261	-0.002764	-0.611301	12737591.398925	29291105.089002	-0.254402	-0.254402
0.574000	-0.606261	-0.003376	-0.611301	12737591.437211	29291105.083159	-0.254402	-0.254402
0.575000	-0.606261	-0.003987	-0.611301	12737591.466832	29291105.078389	-0.254402	-0.254402
0.576000	-0.606261	-0.004598	-0.611301	12737591.490496	29291105.074407	-0.254402	-0.254402
0.577000	-0.606261	-0.005210	-0.611301	12737591.509866	29291105.071046	-0.254402	-0.254402
0.578000	-0.606261	-0.005821	-0.611301	12737591.525966	29291105.068201	-0.254402	-0.254402
0.579000	-0.606261	-0.006432	-0.611301	12737591.539451	29291105.065796	-0.254402	-0.254402
0.580000	-0.606261	-0.007043	-0.611301	12737591.550773	29291105.063772	-0.254402	-0.254402
0.581000	-0.606261	-0.007655	-0.611301	12737591.560270	29291105.062076	-0.254402	-0.254402
0.582000	-0.606261	-0.008266	-0.611301	12737591.568218	29291105.060660	-0.254402	-0.254402
0.583000	-0.606261	-0.008877	-0.611301	12737591.574850	29291105.059483	-0.254402	-0.254402
0.584000	-0.606261	-0.009489	-0.611301	12737591.580368	29291105.058506	-0.254402	-0.254402
0.585000	-0.606261	-0.010100	-0.611301	12737591.584950	29291105.057697	-0.254402	-0.254402
0.586000	-0.606261	-0.010711	-0.611301	12737591.588747	29291105.057028	-0.254402	-0.254402
0.587000	-0.606261	-0.011323	-0.611301	12737591.591890	29291105.056474	-0.254402	-0.254402
0.588000	-0.606261	-0.011934	-0.611301	12737591.594489	29291105.056017	-0.254402	-0.254402
0.589000	-0.606261	-0.012545	-0.611301	12737591.596639	29291105.055638	-0.254402	-0.254402
0.590000	-0.606261	-0.013156	-0.611301	12737591.598416	29291105.055326	-0.254402	-0.254402
0.591000	-0.606261	-0.013768	-0.611301	12737591.599884	29291105.055067	-0.254402	-0.254402
0.592000	-0.606261	-0.014379	-0.611301	12737591.601099	29291105.054853	-0.254402	-0.254402
0.593000	-0.606261	-0.014990	-0.611301	12737591.602103	29291105.054676	-0.254402	-0.254402
0.594000	-0.606261	-0.015602	-0.611301	12737591.602934	29291105.054530	-0.254402	-0.254402
0.595000	-0.606261	-0.016213	-0.611301	12737591.603620	29291105.054408	-0.254402	-0.254402
0.596000	-0.606261	-0.016824	-0.611301	12737591.604189	29291105.054308	-0.254402	-0.254402
0.597000	-0.606261	-0.017436	-0.611301	12737591.604659	29291105.054225	-0.254402	-0.254402
0.598000	-0.606261	-0.018047	-0.611301	12737591.605047	29291105.054156	-0.254402	-0.254402
0.599000	-0.606261	-0.018658	-0.611301	12737591.605369	29291105.054100	-0.254402	-0.254402
