time	ref	y	y_dot	p1	p2	z	u
0.000000	0.578157	0.000009	0.017365	2254209.566785	3066053.977694	0.005778	0.031878
0.001000	0.578157	0.000035	0.036851	2786677.146331	3027887.707317	0.015431	0.059030
0.002000	0.578157	0.000085	0.065162	3967344.816920	2780948.427077	0.027565	0.082366
0.003000	0.578157	0.000170	0.106874	5504727.419585	2932091.636318	0.041149	0.102504
0.004000	0.578157	0.000303	0.160693	6889544.269921	3579187.819053	0.055415	0.119852
0.005000	0.578157	0.000494	0.220982	7722404.956033	4400060.848750	0.069781	0.134670
0.006000	0.578157	0.000744	0.277290	7956425.201611	5038599.199259	0.083802	0.147130
0.007000	0.578157	0.001043	0.318275	8004867.365808	5176930.430698	0.097140	0.157385
0.008000	0.578157	0.001375	0.342749	8420628.172414	4832995.198276	0.109554	0.165624
0.009000	0.578157	0.001726	0.358965	9410277.282938	4350051.204751	0.120889	0.172086
0.010000	0.578157	0.002093	0.375703	10740728.317577	4008173.047701	0.131068	0.177041
0.011000	0.578157	0.002479	0.397206	11993490.710543	3878901.693035	0.140075	0.180758
0.012000	0.578157	0.002889	0.423089	12847079.144404	3916857.042100	0.147941	0.183469
0.013000	0.578157	0.003326	0.450525	13200924.027830	4047138.132439	0.154725	0.185365
0.014000	0.578157	0.003789	0.476490	13137885.403752	4204701.709029	0.160503	0.186602
0.015000	0.578157	0.004277	0.499038	12819110.416981	4348450.023830	0.165361	0.187304
0.016000	0.578157	0.004786	0.517568	12395713.490428	4462252.701571	0.169388	0.187574
0.017000	0.578157	0.005311	0.532400	11966371.106248	4547457.584653	0.172671	0.187502
0.018000	0.578157	0.005850	0.544228	11578193.586413	4612375.459513	0.175298	0.187164
0.019000	0.578157	0.006399	0.553795	11240690.388793	4666420.985795	0.177351	0.186626
0.020000	0.578157	0.006957	0.561677	10944523.602596	4716398.657299	0.178910	0.185948
0.021000	0.578157	0.007522	0.568237	10675805.613654	4765599.669079	0.180046	0.185177
0.022000	0.578157	0.008093	0.573666	10424079.497515	4814451.513398	0.180827	0.184354
0.023000	0.578157	0.008669	0.578061	10184694.327220	4861807.312775	0.181313	0.183511
0.024000	0.578157	0.009249	0.581490	9957757.516827	4906114.914351	0.181560	0.182673
0.025000	0.578157	0.009832	0.584030	9745799.734902	4946182.147194	0.181614	0.181858
0.026000	0.578157	0.010417	0.585787	9551576.221709	4981479.337438	0.181517	0.181080
0.027000	0.578157	0.011003	0.586887	9376737.755804	5012123.277900	0.181305	0.180346
0.028000	0.578157	0.011590	0.587464	9221369.129222	5038658.912366	0.181007	0.179663
0.029000	0.578157	0.012178	0.587643	9084195.895322	5061811.948716	0.180649	0.179031
0.030000	0.578157	0.012765	0.587533	8963107.185864	5082289.530683	0.180251	0.178453
0.031000	0.578157	0.013353	0.587221	8855710.434275	5100667.227288	0.179830	0.177927
0.032000	0.578157	0.013940	0.586775	8759748.295205	5117356.955288	0.179399	0.177451
0.033000	0.578157	0.014526	0.586244	8673321.767253	5132629.216157	0.178968	0.177022
0.034000	0.578157	0.015112	0.585663	8594941.713191	5146662.789045	0.178545	0.176636
0.035000	0.578157	0.015698	0.585060	8523482.484008	5159571.869246	0.178137	0.176291
0.036000	0.578157	0.016282	0.584454	8458066.202397	5171475.403435	0.177746	0.175982
0.037000	0.578157	0.016866	0.583862	8397969.840785	5182476.091540	0.177376	0.175706
0.038000	0.578157	0.017450	0.583296	8342578.366906	5192678.569769	0.177029	0.175459
0.039000	0.578157	0.018033	0.582764	8291332.323240	5202186.910953	0.176704	0.175238
0.040000	0.578157	0.018616	0.582271	8243720.901112	5211095.618026	0.176403	0.175040
0.041000	0.578157	0.019198	0.581821	8199283.927637	5219484.917470	0.176123	0.174861
0.042000	0.578157	0.019779	0.581416	8157622.142380	5227418.654020	0.175865	0.174700
0.043000	0.578157	0.020360	0.581053	8118399.532304	5234946.076719	0.175628	0.174555
0.044000	0.578157	0.020941	0.580731	8081340.509226	5242104.149424	0.175409	0.174422
0.045000	0.578157	0.021522	0.580447	8046224.017177	5248920.933937	0.175208	0.174301
0.046000	0.578157	0.022102	0.580199	8012874.092692	5255418.796894	0.175024	0.174190
0.047000	0.578157	0.022682	0.579982	7981148.146469	5261617.031603	0.174854	0.174088
0.048000	0.578157	0.023262	0.579793	7950928.338544	5267532.583325	0.174698	0.173993
0.049000	0.578157	0.023842	0.579630	7922114.865992	5273180.847918	0.174554	0.173905
0.050000	0.578157	0.024422	0.579489	7894621.375539	5278575.804513	0.174422	0.173822
0.051000	0.578157	0.025001	0.579367	7868372.114535	5283730.011531	0.174299	0.173745
0.052000	0.578157	0.025580	0.579262	7843300.776736	5288654.597621	0.174185	0.173672
0.053000	0.578157	0.026159	0.579172	7819348.488555	5293359.596924	0.174080	0.173603
0.054000	0.578157	0.026739	0.579093	7796462.630721	5297854.221214	0.173982	0.173538
0.055000	0.578157	0.027318	0.579025	7774596.014993	5302146.700820	0.173890	0.173476
0.056000	0.578157	0.027897	0.578966	7753705.860651	5306244.740974	0.173804	0.173417
0.057000	0.578157	0.028476	0.578914	7733752.871624	5310155.639675	0.173724	0.173362
0.058000	0.578157	0.029055	0.578869	7714700.438476	5313886.405552	0.173649	0.173308
0.059000	0.578157	0.029633	0.578828	7696513.870211	5317443.851566	0.173578	0.173258
0.060000	0.578157	0.030212	0.578792	7679160.248607	5320834.503653	0.173511	0.173209
0.061000	0.578157	0.030791	0.578759	7662607.253213	5324065.544874	0.173448	0.173163
0.062000	0.578157	0.031370	0.578729	7646822.477185	5327142.840856	0.173388	0.173119
0.063000	0.578157	0.031948	0.578701	7631781.806730	5330069.808399	0.173332	0.173077
0.064000	0.578157	0.032527	0.578675	7617456.496840	5332854.124539	0.173279	0.173037
0.065000	0.578157	0.033106	0.578651	7603818.336553	5335501.685486	0.173228	0.172999
0.066000	0.578157	0.033684	0.578628	7590840.502063	5338017.046387	0.173180	0.172963
0.067000	0.578157	0.034263	0.578607	7578496.648430	5340407.127449	0.173134	0.172928
0.068000	0.578157	0.034842	0.578586	7566761.976219	5342675.888219	0.173091	0.172896
0.069000	0.578157	0.035420	0.578567	7555613.032204	5344827.866639	0.173050	0.172864
0.070000	0.578157	0.035999	0.578548	7545027.465553	5346867.538195	0.173011	0.172835
0.071000	0.578157	0.036577	0.578529	7534983.887319	5348799.138534	0.172974	0.172807
0.072000	0.578157	0.037156	0.578512	7525461.742890	5350626.792739	0.172939	0.172781
0.073000	0.578157	0.037734	0.578495	7516441.249822	5352354.474415	0.172906	0.172756
0.074000	0.578157	0.038313	0.578479	7507903.174675	5353986.769959	0.172874	0.172732
0.075000	0.578157	0.038891	0.578463	7499829.198623	5355525.921057	0.172845	0.172710
0.076000	0.578157	0.039470	0.578447	7492202.243011	5356975.849697	0.172816	0.172689
0.077000	0.578157	0.040048	0.578433	7485005.669972	5358339.924851	0.172790	0.172669
0.078000	0.578157	0.040627	0.578418	7478223.604115	5359621.250883	0.172765	0.172651
0.079000	0.578157	0.041205	0.578404	7471841.055507	5360822.675434	0.172741	0.172634
0.080000	0.578157	0.041783	0.578391	7465843.838496	5361947.016303	0.172719	0.172618
0.081000	0.578157	0.042362	0.578378	7460218.318683	5362997.050761	0.172698	0.172603
0.082000	0.578157	0.042940	0.578365	7454951.141358	5363975.518553	0.172678	0.172589
0.083000	0.578157	0.043518	0.578353	7450029.478944	5364884.941350	0.172660	0.172577
0.084000	0.578157	0.044097	0.578341	7445441.088436	5365727.699299	0.172643	0.172565
0.085000	0.578157	0.044675	0.578330	7441174.459669	5366505.934922	0.172627	0.172554
0.086000	0.578157	0.045253	0.578319	7437219.128657	5367221.377197	0.172612	0.172545
0.087000	0.578157	0.045832	0.578308	7433565.038484	5367876.321199	0.172598	0.172536
0.088000	0.578157	0.046410	0.578298	7430202.531787	5368472.572728	0.172585	0.172528
0.089000	0.578157	0.046988	0.578288	7427122.345150	5369011.975520	0.172574	0.172521
0.090000	0.578157	0.047567	0.578278	7424315.585196	5369496.291708	0.172563	0.172515
0.091000	0.578157	0.048145	0.578269	7421773.399612	5369927.445627	0.172553	0.172509
0.092000	0.578157	0.048723	0.578260	7419487.927021	5370306.436328	0.172545	0.172505
0.093000	0.578157	0.049301	0.578251	7417451.614039	5370635.247252	0.172537	0.172501
0.094000	0.578157	0.049880	0.578242	7415657.004833	5370915.251845	0.172530	0.172498
0.095000	0.578157	0.050458	0.578234	7414096.560423	5371147.939792	0.172524	0.172496
0.096000	0.578157	0.051036	0.578226	7412764.164312	5371334.421921	0.172518	0.172494
0.097000	0.578157	0.051614	0.578218	7411653.388079	5371476.423161	0.172514	0.172493
0.098000	0.578157	0.052193	0.578211	7410762.747479	5371574.438724	0.172510	0.172493
0.099000	0.578157	0.052771	0.578204	7410070.603102	5371632.217154	0.172507	0.172493
0.100000	0.578157	0.053349	0.578197	7409577.349174	5371648.291080	0.172505	0.172494
0.101000	0.578157	0.053927	0.578190	7409282.357543	5371622.957661	0.172503	0.172496
0.102000	0.578157	0.054505	0.578183	7409182.213776	5371557.452329	0.172502	0.172498
0.103000	0.578157	0.055084	0.578176	7409272.314655	5371453.252160	0.172502	0.172501
0.104000	0.578157	0.055662	0.578170	7409547.007242	5371311.942705	0.172503	0.172505
0.105000	0.578157	0.056240	0.578164	7410000.457850	5371134.768157	0.172504	0.172509
0.106000	0.578157	0.056818	0.578157	7410627.098919	5370922.738214	0.172505	0.172513
0.107000	0.578157	0.057396	0.578152	7411421.952193	5370676.406279	0.172508	0.172518
0.108000	0.578157	0.057974	0.578146	7412380.446204	5370397.073562	0.172511	0.172524
0.109000	0.578157	0.058553	0.578140	7413498.657061	5370085.118676	0.172514	0.172530
0.110000	0.578157	0.059131	0.578135	7414773.053245	5369741.076474	0.172518	0.172537
0.111000	0.578157	0.059709	0.578130	7416200.200925	5369365.639236	0.172523	0.172544
0.112000	0.578157	0.060287	0.578124	7417776.572612	5368959.648598	0.172528	0.172552
0.113000	0.578157	0.060865	0.578119	7419498.723781	5368523.805677	0.172534	0.172560
0.114000	0.578157	0.061443	0.578114	7421363.310577	5368058.784214	0.172540	0.172568
0.115000	0.578157	0.062021	0.578110	7423367.096955	5367565.232611	0.172547	0.172577
0.116000	0.578157	0.062599	0.578105	7425506.959695	5367043.773693	0.172554	0.172587
0.117000	0.578157	0.063177	0.578100	7427779.935542	5366494.839814	0.172562	0.172596
0.118000	0.578157	0.063756	0.578096	7430183.062725	5365919.357494	0.172570	0.172607
0.119000	0.578157	0.064334	0.578091	7432713.547371	5365317.719948	0.172578	0.172617
0.120000	0.578157	0.064912	0.578087	7435368.689898	5364690.467196	0.172588	0.172629
0.121000	0.578157	0.065490	0.578083	7438145.925505	5364038.093910	0.172597	0.172640
0.122000	0.578157	0.066068	0.578079	7441042.847062	5363361.044266	0.172607	0.172652
0.123000	0.578157	0.066646	0.578075	7444056.936803	5362659.907497	0.172617	0.172664
0.124000	0.578157	0.067224	0.578071	7447185.774382	5361935.155616	0.172628	0.172677
0.125000	0.578157	0.067802	0.578067	7450427.053547	5361187.234780	0.172639	0.172690
0.126000	0.578157	0.068380	0.578063	7453778.842690	5360416.326950	0.172651	0.172703
0.127000	0.578157	0.068958	0.578060	7457239.236887	5359622.965949	0.172663	0.172717
0.128000	0.578157	0.069536	0.578056	7460806.063549	5358807.715982	0.172675	0.172731
0.129000	0.578157	0.070114	0.578052	7464477.070647	5357971.072455	0.172688	0.172745
0.130000	0.578157	0.070692	0.578049	7468250.078931	5357113.454426	0.172701	0.172760
0.131000	0.578157	0.071271	0.578045	7472123.065093	5356235.219947	0.172714	0.172775
0.132000	0.578157	0.071849	0.578042	7476094.211273	5355336.609200	0.172728	0.172791
0.133000	0.578157	0.072427	0.578039	7480161.774374	5354418.093592	0.172742	0.172806
0.134000	0.578157	0.073005	0.578036	7484324.147752	5353479.902987	0.172757	0.172822
0.135000	0.578157	0.073583	0.578032	7488579.787687	5352522.347975	0.172772	0.172839
0.136000	0.578157	0.074161	0.578029	7492927.183107	5351545.743849	0.172787	0.172855
0.137000	0.578157	0.074739	0.578026	7497364.839958	5350550.406930	0.172802	0.172872
0.138000	0.578157	0.075317	0.578023	7501891.309763	5349536.638863	0.172818	0.172890
0.139000	0.578157	0.075895	0.578020	7506505.174265	5348504.739943	0.172834	0.172907
0.140000	0.578157	0.076473	0.578017	7511204.954421	5347455.033398	0.172851	0.172925
0.141000	0.578157	0.077051	0.578014	7515989.228944	5346387.795009	0.172867	0.172943
0.142000	0.578157	0.077629	0.578011	7520856.643699	5345303.286439	0.172885	0.172962
0.143000	0.578157	0.078207	0.578009	7525805.906743	5344201.759007	0.172902	0.172980
0.144000	0.578157	0.078785	0.578006	7530835.778089	5343083.458021	0.172920	0.172999
0.145000	0.578157	0.079363	0.578003	7535945.058897	5341948.624715	0.172937	0.173018
0.146000	0.578157	0.079941	0.578000	7541132.583225	5340797.496534	0.172956	0.173038
0.147000	0.578157	0.080519	0.577998	7546397.213351	5339630.306420	0.172974	0.173058
0.148000	0.578157	0.081097	0.577995	7551737.838333	5338447.281773	0.172993	0.173078
0.149000	0.578157	0.081675	0.577992	7557153.374579	5337248.643583	0.173012	0.173098
0.150000	-0.295309	0.082252	0.575481	7093122.209131	5806359.187507	0.163958	0.123065
0.151000	-0.295309	0.082822	0.561743	5775886.102266	6625291.653296	0.149103	0.082010
0.152000	-0.295309	0.083369	0.528594	3820726.301117	7552526.127146	0.131219	0.050439
0.153000	-0.295309	0.083872	0.472438	1677621.782519	8356872.931346	0.111710	0.023598
0.154000	-0.295309	0.084307	0.395313	0.000000	8861937.848478	0.091238	-0.001230
0.155000	-0.295309	0.084660	0.311622	0.000000	9136544.167213	0.070773	-0.021658
0.156000	-0.295309	0.084930	0.228713	0.000000	9421731.747975	0.051052	-0.038025
0.157000	-0.295309	0.085118	0.147168	0.000000	9639981.470416	0.032570	-0.050905
0.158000	-0.295309	0.085226	0.068565	0.000000	9662280.833246	0.015532	-0.061424
0.159000	-0.295309	0.085258	-0.001069	0.000000	9448953.910428	-0.000039	-0.070368
0.160000	-0.295309	0.085240	-0.038498	0.000000	13386422.559918	-0.014211	-0.078220
0.161000	-0.295309	0.085172	-0.101584	0.000000	19834727.811673	-0.027109	-0.085367
0.162000	-0.295309	0.085031	-0.175936	2853744.399819	22070378.069735	-0.038870	-0.091990
0.163000	-0.295309	0.084833	-0.213221	7507647.230370	22601196.757851	-0.049595	-0.098038
0.164000	-0.295309	0.084617	-0.215562	11202949.979906	24614227.045604	-0.059325	-0.103271
0.165000	-0.295309	0.084408	-0.201208	13267655.589666	27166202.724645	-0.068071	-0.107572
0.166000	-0.295309	0.084215	-0.184799	13749774.789008	28916099.358894	-0.075850	-0.110986
0.167000	-0.295309	0.084036	-0.175191	13130957.171543	29791640.212238	-0.082704	-0.113664
0.168000	-0.295309	0.083861	-0.176621	12053290.784128	30117913.237636	-0.088701	-0.115786
0.169000	-0.295309	0.083679	-0.188687	11084837.934570	30122948.980769	-0.093923	-0.117509
0.170000	-0.295309	0.083481	-0.207484	10552348.376522	29951296.593983	-0.098459	-0.118949
0.171000	-0.295309	0.083263	-0.227918	10507932.406844	29713685.450256	-0.102396	-0.120175
0.172000	-0.295309	0.083026	-0.245856	10816659.651625	29496931.836269	-0.105809	-0.121226
0.173000	-0.295309	0.082773	-0.259133	11278752.267054	29353177.725558	-0.108766	-0.122120
0.174000	-0.295309	0.082510	-0.267539	11722381.828109	29293777.613052	-0.111322	-0.122867
0.175000	-0.295309	0.082240	-0.272149	12045389.123318	29299484.884461	-0.113525	-0.123475
0.176000	-0.295309	0.081966	-0.274514	12219019.530145	29338850.550290	-0.115416	-0.123957
0.177000	-0.295309	0.081691	-0.276047	12268102.466923	29383607.157518	-0.117031	-0.124327
0.178000	-0.295309	0.081414	-0.277675	12243003.609659	29416149.857396	-0.118404	-0.124603
0.179000	-0.295309	0.081135	-0.279779	12194417.381405	29430183.813502	-0.119564	-0.124804
0.180000	-0.295309	0.080854	-0.282315	12158386.169533	29427577.334077	-0.120539	-0.124947
0.181000	-0.295309	0.080571	-0.285008	12151212.797137	29414445.258906	-0.121356	-0.125046
0.182000	-0.295309	0.080284	-0.287548	12172681.380480	29397517.542767	-0.122037	-0.125111
0.183000	-0.295309	0.079996	-0.289704	12213093.242896	29382093.156201	-0.122601	-0.125150
0.184000	-0.295309	0.079705	-0.291371	12259866.072602	29371117.898784	-0.123066	-0.125170
0.185000	-0.295309	0.079413	-0.292567	12302658.473966	29365168.807700	-0.123448	-0.125173
0.186000	-0.295309	0.079120	-0.293384	12335613.596755	29363263.462880	-0.123759	-0.125164
0.187000	-0.295309	0.078826	-0.293938	12357316.245096	29363769.812039	-0.124010	-0.125144
0.188000	-0.295309	0.078532	-0.294338	12369540.745045	29365107.752229	-0.124211	-0.125117
0.189000	-0.295309	0.078238	-0.294657	12375469.191965	29366184.988768	-0.124369	-0.125085
0.190000	-0.295309	0.077943	-0.294939	12378398.549982	29366485.354768	-0.124492	-0.125049
0.191000	-0.295309	0.077648	-0.295196	12380724.982394	29365981.350022	-0.124586	-0.125011
0.192000	-0.295309	0.077352	-0.295423	12383699.588511	29364945.915798	-0.124656	-0.124974
0.193000	-0.295309	0.077057	-0.295612	12387577.776852	29363724.918635	-0.124707	-0.124936
0.194000	-0.295309	0.076761	-0.295755	12391996.011484	29362617.717858	-0.124742	-0.124900
0.195000	-0.295309	0.076465	-0.295848	12396310.279432	29361838.384558	-0.124764	-0.124866
0.196000	-0.295309	0.076170	-0.295903	12400062.677045	29361346.240844	-0.124776	-0.124833
0.197000	-0.295309	0.075874	-0.295925	12403002.986067	29361116.998107	-0.124781	-0.124803
0.198000	-0.295309	0.075578	-0.295924	12405058.365687	29361076.918237	-0.124780	-0.124775
0.199000	-0.295309	0.075282	-0.295907	12406334.942649	29361133.477605	-0.124774	-0.124749
0.200000	-0.295309	0.074986	-0.295881	12407033.380353	29361213.981367	-0.124765	-0.124725
0.201000	-0.295309	0.074690	-0.295851	12407369.337645	29361276.638437	-0.124754	-0.124703
0.202000	-0.295309	0.074394	-0.295819	12407508.476321	29361313.150760	-0.124742	-0.124683
0.203000	-0.295309	0.074098	-0.295787	12407558.676366	29361330.521868	-0.124728	-0.124666
0.204000	-0.295309	0.073803	-0.295755	12407597.781811	29361325.252141	-0.124714	-0.124650
0.205000	-0.295309	0.073507	-0.295722	12407634.082180	29361318.860041	-0.124700	-0.124636
0.206000	-0.295309	0.073211	-0.295689	12407645.707210	29361327.826917	-0.124687	-0.124623
0.207000	-0.295309	0.072916	-0.295657	12407625.467494	29361347.314045	-0.124674	-0.124612
0.208000	-0.295309	0.072620	-0.295625	12407566.501243	29361377.945840	-0.124661	-0.124602
0.209000	-0.295309	0.072324	-0.295594	12407466.341666	29361417.520128	-0.124649	-0.124593
0.210000	-0.295309	0.072029	-0.295565	12407329.499449	29361462.840737	-0.124638	-0.124586
0.211000	-0.295309	0.071733	-0.295538	12407163.979885	29361510.129671	-0.124628	-0.124579
0.212000	-0.295309	0.071438	-0.295513	12406980.921078	29361556.138239	-0.124618	-0.124573
0.213000	-0.295309	0.071142	-0.295490	12406791.006176	29361598.961353	-0.124609	-0.124568
0.214000	-0.295309	0.070847	-0.295469	12406602.606508	29361637.887333	-0.124601	-0.124564
0.215000	-0.295309	0.070551	-0.295450	12406421.313597	29361672.978468	-0.124594	-0.124560
0.216000	-0.295309	0.070256	-0.295433	12406250.271020	29361704.649866	-0.124588	-0.124557
0.217000	-0.295309	0.069960	-0.295417	12406090.859741	29361733.358934	-0.124582	-0.124554
0.218000	-0.295309	0.069665	-0.295403	12405943.433245	29361759.392941	-0.124576	-0.124552
0.219000	-0.295309	0.069370	-0.295391	12405807.727884	29361783.104639	-0.124572	-0.124550
0.220000	-0.295309	0.069074	-0.295380	12405683.207845	29361804.702631	-0.124568	-0.124548
0.221000	-0.295309	0.068779	-0.295370	12405569.311947	29361824.232574	-0.124564	-0.124547
0.222000	-0.295309	0.068483	-0.295362	12405465.495626	29361841.837104	-0.124561	-0.124546
0.223000	-0.295309	0.068188	-0.295354	12405371.174073	29361857.686991	-0.124558	-0.124545
0.224000	-0.295309	0.067893	-0.295348	12405285.741403	29361871.917962	-0.124556	-0.124544
0.225000	-0.295309	0.067597	-0.295342	12405208.617418	29361884.640985	-0.124553	-0.124543
0.226000	-0.295309	0.067302	-0.295337	12405139.256377	29361895.956515	-0.124552	-0.124543
0.227000	-0.295309	0.067007	-0.295332	12405077.137805	29361905.964030	-0.124550	-0.124542
0.228000	-0.295309	0.066711	-0.295329	12405021.753481	29361914.766218	-0.124549	-0.124542
0.229000	-0.295309	0.066416	-0.295325	12404972.598365	29361922.469020	-0.124547	-0.124542
0.230000	-0.295309	0.066121	-0.295323	12404929.168006	29361929.179266	-0.124546	-0.124541
0.231000	-0.295309	0.065825	-0.295320	12404890.453277	29361934.997989	-0.124545	-0.124541
0.232000	-0.295309	0.065530	-0.295318	12404856.529319	29361940.147540	-0.124545	-0.124541
0.233000	-0.295309	0.065235	-0.295316	12404826.828192	29361944.639010	-0.124544	-0.124541
0.234000	-0.295309	0.064940	-0.295315	12404800.924501	29361948.502738	-0.124544	-0.124541
0.235000	-0.295309	0.064644	-0.295314	12404778.468733	29361951.783982	-0.124543	-0.124541
0.236000	-0.295309	0.064349	-0.295313	12404759.140153	29361954.541175	-0.124543	-0.124541
0.237000	-0.295309	0.064054	-0.295312	12404742.622858	29361956.840482	-0.124542	-0.124541
0.238000	-0.295309	0.063758	-0.295311	12404728.600659	29361958.749052	-0.124542	-0.124541
0.239000	-0.295309	0.063463	-0.295311	12404716.763313	29361960.329350	-0.124542	-0.124541
0.240000	-0.295309	0.063168	-0.295310	12404707.083844	29361961.573149	-0.124542	-0.124541
0.241000	-0.295309	0.062872	-0.295310	12404698.971346	29361962.613731	-0.124542	-0.124541
0.242000	-0.295309	0.062577	-0.295310	12404692.178281	29361963.482393	-0.124542	-0.124541
0.243000	-0.295309	0.062282	-0.295309	12404686.499871	29361964.203597	-0.124542	-0.124541
0.244000	-0.295309	0.061986	-0.295309	12404681.769104	29361964.796262	-0.124542	-0.124541
0.245000	-0.295309	0.061691	-0.295309	12404677.849070	29361965.276343	-0.124542	-0.124541
0.246000	-0.295309	0.061396	-0.295309	12404674.625305	29361965.658397	-0.124542	-0.124541
0.247000	-0.295309	0.061100	-0.295309	12404671.999618	29361965.956217	-0.124541	-0.124541
0.248000	-0.295309	0.060805	-0.295309	12404669.885853	29361966.182867	-0.124541	-0.124541
0.249000	-0.295309	0.060510	-0.295309	12404668.207404	29361966.350455	-0.124541	-0.124541
0.250000	-0.295309	0.060215	-0.295309	12404666.895962	29361966.469852	-0.124541	-0.124541
0.251000	-0.295309	0.059919	-0.295309	12404665.890973	29361966.550521	-0.124541	-0.124542
0.252000	-0.295309	0.059624	-0.295309	12404665.139346	29361966.600463	-0.124541	-0.124542
0.253000	-0.295309	0.059329	-0.295309	12404664.595144	29361966.626302	-0.124542	-0.124542
0.254000	-0.295309	0.059033	-0.295309	12404664.219142	29361966.633435	-0.124542	-0.124542
0.255000	-0.295309	0.058738	-0.295309	12404663.978228	29361966.626227	-0.124542	-0.124542
0.256000	-0.295309	0.058443	-0.295309	12404663.844700	29361966.608206	-0.124542	-0.124542
0.257000	-0.295309	0.058147	-0.295309	12404663.795541	29361966.582226	-0.124542	-0.124542
0.258000	-0.295309	0.057852	-0.295309	12404663.811707	29361966.550604	-0.124542	-0.124542
0.259000	-0.295309	0.057557	-0.295309	12404663.877501	29361966.515224	-0.124542	-0.124542
0.260000	-0.295309	0.057261	-0.295309	12404663.980023	29361966.477614	-0.124542	-0.124542
0.261000	-0.295309	0.056966	-0.295309	12404664.108719	29361966.438997	-0.124542	-0.124542
0.262000	-0.295309	0.056671	-0.295309	12404664.255008	29361966.400345	-0.124542	-0.124542
0.263000	-0.295309	0.056376	-0.295309	12404664.411970	29361966.362406	-0.124542	-0.124542
0.264000	-0.295309	0.056080	-0.295309	12404664.574091	29361966.325745	-0.124542	-0.124542
0.265000	-0.295309	0.055785	-0.295309	12404664.737045	29361966.290767	-0.124542	-0.124542
0.266000	-0.295309	0.055490	-0.295309	12404664.897502	29361966.257750	-0.124542	-0.124542
0.267000	-0.295309	0.055194	-0.295309	12404665.052963	29361966.226865	-0.124542	-0.124542
0.268000	-0.295309	0.054899	-0.295309	12404665.201617	29361966.198201	-0.124542	-0.124542
0.269000	-0.295309	0.054604	-0.295309	12404665.342217	29361966.171782	-0.124542	-0.124542
0.270000	-0.295309	0.054308	-0.295309	12404665.473964	29361966.147582	-0.124542	-0.124542
0.271000	-0.295309	0.054013	-0.295309	12404665.596423	29361966.125539	-0.124542	-0.124542
0.272000	-0.295309	0.053718	-0.295309	12404665.709442	29361966.105566	-0.124542	-0.124542
0.273000	-0.295309	0.053422	-0.295309	12404665.813083	29361966.087554	-0.124542	-0.124542
0.274000	-0.295309	0.053127	-0.295309	12404665.907578	29361966.071386	-0.124542	-0.124542
0.275000	-0.295309	0.052832	-0.295309	12404665.993274	29361966.056934	-0.124542	-0.124542
0.276000	-0.295309	0.052537	-0.295309	12404666.070608	29361966.044071	-0.124542	-0.124542
0.277000	-0.295309	0.052241	-0.295309	12404666.140072	29361966.032669	-0.124542	-0.124542
0.278000	-0.295309	0.051946	-0.295309	12404666.202193	29361966.022599	-0.124542	-0.124542
0.279000	-0.295309	0.051651	-0.295309	12404666.257514	29361966.013742	-0.124542	-0.124542
0.280000	-0.295309	0.051355	-0.295309	12404666.306579	29361966.005979	-0.124542	-0.124542
0.281000	-0.295309	0.051060	-0.295309	12404666.349925	29361965.999202	-0.124542	-0.124542
0.282000	-0.295309	0.050765	-0.295309	12404666.388072	29361965.993307	-0.124542	-0.124542
0.283000	-0.295309	0.050469	-0.295309	12404666.421515	29361965.988199	-0.124542	-0.124542
0.284000	-0.295309	0.050174	-0.295309	12404666.450725	29361965.983791	-0.124542	-0.124542
0.285000	-0.295309	0.049879	-0.295309	12404666.476140	29361965.980001	-0.124542	-0.124542
0.286000	-0.295309	0.049583	-0.295309	12404666.498170	29361965.976755	-0.124542	-0.124542
0.287000	-0.295309	0.049288	-0.295309	12404666.517192	29361965.973989	-0.124542	-0.124542
0.288000	-0.295309	0.048993	-0.295309	12404666.533550	29361965.971640	-0.124542	-0.124542
0.289000	-0.295309	0.048697	-0.295309	12404666.547561	29361965.969657	-0.124542	-0.124542
0.290000	-0.295309	0.048402	-0.295309	12404666.559511	29361965.967990	-0.124542	-0.124542
0.291000	-0.295309	0.048107	-0.295309	12404666.569656	29361965.966597	-0.124542	-0.124542
0.292000	-0.295309	0.047812	-0.295309	12404666.578228	29361965.965440	-0.124542	-0.124542
0.293000	-0.295309	0.047516	-0.295309	12404666.585434	29361965.964486	-0.124542	-0.124542
0.294000	-0.295309	0.047221	-0.295309	12404666.591460	29361965.963704	-0.124542	-0.124542
0.295000	-0.295309	0.046926	-0.295309	12404666.596467	29361965.963070	-0.124542	-0.124542
0.296000	-0.295309	0.046630	-0.295309	12404666.600600	29361965.962560	-0.124542	-0.124542
0.297000	-0.295309	0.046335	-0.295309	12404666.603987	29361965.962154	-0.124542	-0.124542
0.298000	-0.295309	0.046040	-0.295309	12404666.606738	29361965.961837	-0.124542	-0.124542
0.299000	-0.295309	0.045744	-0.295309	12404666.608952	29361965.961593	-0.124542	-0.124542
0.300000	0.418988	0.000008	0.016772	2142328.066762	3213328.051390	0.004279	0.023606
0.301000	0.418988	0.000033	0.032444	2338969.069039	3511150.745097	0.011378	0.043443
0.302000	0.418988	0.000075	0.051800	3038751.942952	3400568.766220	0.020243	0.060282
0.303000	0.418988	0.000140	0.080375	4120615.126031	3299289.567838	0.030118	0.074718
0.304000	0.418988	0.000239	0.118838	5211271.499002	3662348.291982	0.040456	0.087153
0.305000	0.418988	0.000380	0.163432	5964972.406053	4389057.946988	0.050857	0.097834
0.306000	0.418988	0.000565	0.207857	6247382.270946	5141246.311995	0.061015	0.106897
0.307000	0.418988	0.000792	0.243695	6231387.795953	5570283.729691	0.070697	0.114425
0.308000	0.418988	0.001048	0.265701	6338532.977880	5464020.882210	0.079725	0.120502
0.309000	0.418988	0.001320	0.276820	6929150.166091	4964516.325396	0.087978	0.125252
0.310000	0.418988	0.001601	0.284594	8034749.214253	4428657.821402	0.095387	0.128852
0.311000	0.418988	0.001890	0.295133	9384472.942076	4095395.734582	0.101934	0.131503
0.312000	0.418988	0.002193	0.310550	10615664.261563	4002382.932900	0.107637	0.133399
0.313000	0.418988	0.002512	0.329535	11469733.376747	4083775.239143	0.112544	0.134706
0.314000	0.418988	0.002852	0.349204	11872676.280750	4250300.513277	0.116715	0.135554
0.315000	0.418988	0.003210	0.366892	11902865.620925	4426345.440444	0.120218	0.136041
0.316000	0.418988	0.003585	0.381095	11707879.981245	4565370.669270	0.123122	0.136239
0.317000	0.418988	0.003971	0.391594	11429188.468765	4652616.855475	0.125494	0.136207
0.318000	0.418988	0.004367	0.399046	11160479.947961	4696800.972952	0.127397	0.135993
0.319000	0.418988	0.004769	0.404439	10940987.198802	4716955.342405	0.128891	0.135638
0.320000	0.418988	0.005175	0.408656	10769547.198071	4731249.319400	0.130031	0.135182
0.321000	0.418988	0.005586	0.412268	10625628.342118	4751120.690763	0.130870	0.134657
0.322000	0.418988	0.006000	0.415510	10487039.697476	4780365.989971	0.131454	0.134094
0.323000	0.418988	0.006417	0.418385	10339866.046860	4817175.247925	0.131827	0.133514
0.324000	0.418988	0.006836	0.420798	10180841.564542	4857101.836415	0.132028	0.132937
0.325000	0.418988	0.007258	0.422662	10014751.596261	4895631.346551	0.132091	0.132374
0.326000	0.418988	0.007681	0.423954	9849859.020515	4929755.417183	0.132044	0.131834
0.327000	0.418988	0.008106	0.424727	9693857.591672	4958397.861750	0.131914	0.131322
0.328000	0.418988	0.008531	0.425085	9551552.533891	4982065.295074	0.131719	0.130842
0.329000	0.418988	0.008956	0.425150	9424332.000031	5002108.987305	0.131479	0.130395
0.330000	0.418988	0.009381	0.425031	9310916.857530	5020006.135498	0.131208	0.129982
0.331000	0.418988	0.009806	0.424808	9208653.259181	5036877.252037	0.130917	0.129601
0.332000	0.418988	0.010231	0.424531	9114724.308169	5053306.676931	0.130615	0.129252
0.333000	0.418988	0.010655	0.424226	9026928.418315	5069411.247641	0.130310	0.128934
0.334000	0.418988	0.011079	0.423902	8943952.777965	5085022.503048	0.130009	0.128645
0.335000	0.418988	0.011503	0.423563	8865256.358541	5099895.127968	0.129714	0.128382
0.336000	0.418988	0.011926	0.423214	8790764.982966	5113844.325333	0.129429	0.128144
0.337000	0.418988	0.012349	0.422861	8720527.728870	5126828.969255	0.129157	0.127927
0.338000	0.418988	0.012772	0.422513	8654521.783232	5138911.378855	0.128899	0.127731
0.339000	0.418988	0.013194	0.422179	8592550.773462	5150230.792774	0.128654	0.127552
0.340000	0.418988	0.013616	0.421868	8534259.858300	5160942.799226	0.128425	0.127388
0.341000	0.418988	0.014038	0.421582	8479214.467573	5171176.035236	0.128210	0.127238
0.342000	0.418988	0.014459	0.421326	8426985.277437	5181013.548350	0.128009	0.127100
0.343000	0.418988	0.014881	0.421097	8377211.314441	5190493.491787	0.127821	0.126973
0.344000	0.418988	0.015302	0.420894	8329626.721604	5199623.813184	0.127646	0.126856
0.345000	0.418988	0.015722	0.420715	8284052.600242	5208399.976986	0.127483	0.126747
0.346000	0.418988	0.016143	0.420556	8240371.742061	5216818.747393	0.127331	0.126645
0.347000	0.418988	0.016563	0.420416	8198498.924159	5224885.497448	0.127190	0.126549
0.348000	0.418988	0.016984	0.420292	8158357.240307	5232615.208803	0.127057	0.126460
0.349000	0.418988	0.017404	0.420183	8119866.118184	5240028.849544	0.126934	0.126375
0.350000	0.418988	0.017824	0.420087	8082938.688029	5247149.028742	0.126818	0.126295
0.351000	0.418988	0.018244	0.420004	8047485.279517	5253996.694274	0.126709	0.126218
0.352000	0.418988	0.018664	0.419931	8013419.611179	5260588.336385	0.126607	0.126146
0.353000	0.418988	0.019084	0.419867	7980663.678074	5266936.242541	0.126511	0.126076
0.354000	0.418988	0.019504	0.419812	7949149.972054	5273049.499931	0.126420	0.126010
0.355000	0.418988	0.019924	0.419763	7918820.995275	5278935.524984	0.126334	0.125946
0.356000	0.418988	0.020343	0.419720	7889627.015599	5284601.385439	0.126253	0.125885
0.357000	0.418988	0.020763	0.419682	7861523.158299	5290054.640210	0.126176	0.125827
0.358000	0.418988	0.021183	0.419647	7834467.267786	5295303.342858	0.126102	0.125770
0.359000	0.418988	0.021602	0.419616	7808418.602277	5300355.868047	0.126032	0.125716
0.360000	0.418988	0.022022	0.419588	7783336.586264	5305221.186503	0.125966	0.125664
0.361000	0.418988	0.022442	0.419562	7759180.724969	5309907.685390	0.125902	0.125613
0.362000	0.418988	0.022861	0.419539	7735914.422690	5314421.587207	0.125841	0.125564
0.363000	0.418988	0.023281	0.419516	7713502.126898	5318770.086161	0.125782	0.125517
0.364000	0.418988	0.023700	0.419496	7691909.571181	5322959.951728	0.125726	0.125472
0.365000	0.418988	0.024120	0.419477	7671103.985154	5326997.507417	0.125672	0.125428
0.366000	0.418988	0.024539	0.419458	7651054.202608	5330888.673169	0.125620	0.125386
0.367000	0.418988	0.024959	0.419441	7631730.645790	5334639.038679	0.125570	0.125346
0.368000	0.418988	0.025378	0.419425	7613105.216584	5338253.934787	0.125523	0.125306
0.369000	0.418988	0.025797	0.419409	7595151.147135	5341738.483008	0.125477	0.125269
0.370000	0.418988	0.026217	0.419394	7577842.857783	5345097.617986	0.125432	0.125232
0.371000	0.418988	0.026636	0.419380	7561155.659255	5348336.238462	0.125390	0.125197
0.372000	0.418988	0.027056	0.419366	7545066.222162	5351458.667789	0.125348	0.125163
0.373000	0.418988	0.027475	0.419352	7529552.173830	5354469.251807	0.125309	0.125130
0.374000	0.418988	0.027894	0.419339	7514591.366713	5357372.607019	0.125271	0.125098
0.375000	0.418988	0.028314	0.419327	7500164.892037	5360171.291406	0.125234	0.125068
0.376000	0.418988	0.028733	0.419315	7486252.521907	5362870.284241	0.125199	0.125038
0.377000	0.418988	0.029152	0.419303	7472834.981319	5365473.216205	0.125164	0.125010
0.378000	0.418988	0.029572	0.419292	7459894.049596	5367983.439165	0.125132	0.124983
0.379000	0.418988	0.029991	0.419281	7447412.775993	5370403.922431	0.125100	0.124956
0.380000	0.418988	0.030410	0.419271	7435375.122934	5372737.657181	0.125069	0.124931
0.381000	0.418988	0.030829	0.419260	7423765.808511	5374987.555539	0.125040	0.124907
0.382000	0.418988	0.031249	0.419251	7412570.189439	5377156.449745	0.125011	0.124883
0.383000	0.418988	0.031668	0.419241	7401774.196764	5379247.075806	0.124984	0.124860
0.384000	0.418988	0.032087	0.419232	7391364.314909	5381262.055319	0.124958	0.124839
0.385000	0.418988	0.032506	0.419223	7381327.584428	5383203.884183	0.124932	0.124818
0.386000	0.418988	0.032926	0.419215	7371651.698087	5385074.508453	0.124908	0.124797
0.387000	0.418988	0.033345	0.419206	7362324.949593	5386875.022807	0.124884	0.124778
0.388000	0.418988	0.033764	0.419198	7353335.915730	5388611.143691	0.124862	0.124759
0.389000	0.418988	0.034183	0.419191	7344673.643887	5390283.053548	0.124840	0.124741
0.390000	0.418988	0.034602	0.419183	7336327.724176	5391892.634702	0.124819	0.124724
0.391000	0.418988	0.035022	0.419176	7328288.321338	5393441.739983	0.124799	0.124707
0.392000	0.418988	0.035441	0.419169	7320546.066141	5394932.140189	0.124779	0.124691
0.393000	0.418988	0.035860	0.419162	7313092.270801	5396365.271154	0.124760	0.124676
0.394000	0.418988	0.036279	0.419156	7305918.521089	5397742.923907	0.124742	0.124661
0.395000	0.418988	0.036698	0.419149	7299016.340647	5399066.954063	0.124725	0.124647
0.396000	0.418988	0.037117	0.419143	7292377.403767	5400339.051199	0.124708	0.124633
0.397000	0.418988	0.037537	0.419137	7285993.725981	5401560.726497	0.124692	0.124620
0.398000	0.418988	0.037956	0.419132	7279857.766842	5402733.346206	0.124677	0.124608
0.399000	0.418988	0.038375	0.419126	7273962.440052	5403858.182505	0.124662	0.124596
0.400000	0.418988	0.038794	0.419121	7268300.329814	5404937.937934	0.124648	0.124584
0.401000	0.418988	0.039213	0.419116	7262865.915789	5405970.802406	0.124635	0.124573
0.402000	0.418988	0.039632	0.419111	7257653.288458	5406959.363862	0.124622	0.124563
0.403000	0.418988	0.040051	0.419106	7252656.499035	5407904.907237	0.124609	0.124553
0.404000	0.418988	0.040470	0.419101	7247869.656113	5408808.665930	0.124597	0.124543
0.405000	0.418988	0.040889	0.419096	7243287.006314	5409671.793459	0.124586	0.124534
0.406000	0.418988	0.041309	0.419092	7238903.021618	5410495.604193	0.124575	0.124526
0.407000	0.418988	0.041728	0.419087	7234712.511394	5411280.529115	0.124565	0.124517
0.408000	0.418988	0.042147	0.419083	7230710.322978	5412027.902673	0.124555	0.124510
0.409000	0.418988	0.042566	0.419079	7226891.610706	5412738.328090	0.124545	0.124502
0.410000	0.418988	0.042985	0.419075	7223251.738501	5413413.179070	0.124536	0.124495
0.411000	0.418988	0.043404	0.419071	7219786.210232	5414053.104387	0.124528	0.124489
0.412000	0.418988	0.043823	0.419067	7216490.736643	5414658.922918	0.124519	0.124483
0.413000	0.418988	0.044242	0.419063	7213361.179419	5415231.444335	0.124512	0.124477
0.414000	0.418988	0.044661	0.419060	7210393.528077	5415771.462666	0.124504	0.124471
0.415000	0.418988	0.045080	0.419056	7207583.889197	5416279.751685	0.124498	0.124466
0.416000	0.418988	0.045499	0.419053	7204928.484539	5416757.060593	0.124491	0.124461
0.417000	0.418988	0.045918	0.419049	7202423.090691	5417204.357645	0.124485	0.124457
0.418000	0.418988	0.046337	0.419046	7200064.845357	5417621.848646	0.124479	0.124453
0.419000	0.418988	0.046756	0.419043	7197854.334551	5418008.816107	0.124474	0.124449
0.420000	0.418988	0.047175	0.419040	7195784.256822	5418368.584543	0.124469	0.124446
0.421000	0.418988	0.047594	0.419037	7193849.757848	5418701.966729	0.124464	0.124442
0.422000	0.418988	0.048014	0.419034	7192047.502025	5419008.785255	0.124459	0.124439
0.423000	0.418988	0.048433	0.419031	7190374.912332	5419289.154223	0.124455	0.124437
0.424000	0.418988	0.048852	0.419028	7188829.891825	5419543.391955	0.124452	0.124435
0.425000	0.418988	0.049271	0.419026	7187410.449904	5419771.971677	0.124448	0.124433
0.426000	0.418988	0.049690	0.419023	7186114.233172	5419975.581163	0.124445	0.124431
0.427000	0.418988	0.050109	0.419020	7184937.731262	5420155.006069	0.124442	0.124429
0.428000	0.418988	0.050528	0.419018	7183873.399485	5420311.854697	0.124440	0.124428
0.429000	0.418988	0.050947	0.419015	7182925.747485	5420443.883034	0.124438	0.124427
0.430000	0.418988	0.051366	0.419012	7182093.369930	5420552.011900	0.124436	0.124427
0.431000	0.418988	0.051785	0.419010	7181373.806410	5420637.675494	0.124434	0.124426
0.432000	0.418988	0.052204	0.419008	7180766.388391	5420701.520354	0.124432	0.124426
0.433000	0.418988	0.052623	0.419005	7180264.891090	5420745.049546	0.124431	0.124426
0.434000	0.418988	0.053042	0.419003	7179859.495761	5420769.126057	0.124430	0.124426
0.435000	0.418988	0.053461	0.419001	7179553.692738	5420771.883258	0.124430	0.124427
0.436000	0.418988	0.053880	0.418998	7179348.249565	5420753.105938	0.124429	0.124428
0.437000	0.418988	0.054299	0.418996	7179242.263549	5420713.652996	0.124429	0.124429
0.438000	0.418988	0.054718	0.418994	7179233.896066	5420654.454836	0.124429	0.124430
0.439000	0.418988	0.055137	0.418992	7179320.844324	5420576.293452	0.124430	0.124431
0.440000	0.418988	0.055556	0.418990	7179500.615843	5420479.764917	0.124430	0.124433
0.441000	0.418988	0.055975	0.418988	7179770.816266	5420365.274882	0.124431	0.124435
0.442000	0.418988	0.056394	0.418986	7180129.346856	5420232.913045	0.124432	0.124437
0.443000	0.418988	0.056813	0.418984	7180574.388546	5420083.067447	0.124433	0.124439
0.444000	0.418988	0.057232	0.418982	7181104.449127	5419915.827560	0.124435	0.124441
0.445000	0.418988	0.057651	0.418980	7181718.170447	5419731.404909	0.124436	0.124444
0.446000	0.418988	0.058070	0.418978	7182414.253578	5419530.055603	0.124438	0.124447
0.447000	0.418988	0.058489	0.418976	7183191.388187	5419312.076459	0.124440	0.124450
0.448000	0.418988	0.058908	0.418975	7184048.227545	5419077.782580	0.124442	0.124453
0.449000	0.418988	0.059327	0.418973	7184983.511424	5418827.410065	0.124445	0.124456
0.450000	-0.606261	0.059745	0.415454	6556211.912213	6185263.923400	0.113182	0.062313
0.451000	-0.606261	0.060152	0.395695	4756278.185840	7690350.797055	0.095018	0.012978
0.452000	-0.606261	0.060526	0.347294	2067481.161011	9678931.332050	0.073214	-0.025271
0.453000	-0.606261	0.060835	0.265576	0.000000	11767248.507144	0.050008	-0.054807
0.454000	-0.606261	0.061054	0.169802	0.000000	14271108.117008	0.026270	-0.080943
0.455000	-0.606261	0.061172	0.063962	0.000000	18387627.582349	0.002973	-0.102252
0.456000	-0.606261	0.061181	-0.039695	0.000000	23875437.614166	-0.019590	-0.121500
0.457000	-0.606261	0.061091	-0.141100	0.000000	26464496.613520	-0.041258	-0.139127
0.458000	-0.606261	0.060900	-0.234193	3594960.784296	25663266.392939	-0.061926	-0.155273
0.459000	-0.606261	0.060641	-0.276142	8718642.027157	26134565.723130	-0.081463	-0.169704
0.460000	-0.606261	0.060359	-0.283970	11835387.988325	27810576.110133	-0.099708	-0.182119
0.461000	-0.606261	0.060077	-0.279897	12745371.717471	29128229.278213	-0.116555	-0.192643
0.462000	-0.606261	0.059798	-0.279691	12096460.499651	29832965.239564	-0.131964	-0.201564
0.463000	-0.606261	0.059514	-0.291160	10865442.962289	30118646.525131	-0.145965	-0.209202
0.464000	-0.606261	0.059212	-0.314286	9842791.266962	30162643.959416	-0.158627	-0.215817
0.465000	-0.606261	0.058883	-0.344345	9361116.592890	30087198.826682	-0.170037	-0.221574
0.466000	-0.606261	0.058523	-0.375927	9366085.748794	29971990.131097	-0.180280	-0.226544
0.467000	-0.606261	0.058132	-0.405331	9649950.102465	29862266.160132	-0.189446	-0.230847
0.468000	-0.606261	0.057713	-0.430951	10024120.638146	29776150.606376	-0.197620	-0.234542
0.469000	-0.606261	0.057271	-0.452659	10376375.955603	29714968.875816	-0.204887	-0.237710
0.470000	-0.606261	0.056809	-0.471025	10662909.881999	29672680.775958	-0.211326	-0.240414
0.471000	-0.606261	0.056330	-0.486781	10881661.638278	29642085.596623	-0.217016	-0.242713
0.472000	-0.606261	0.055836	-0.500699	11048460.125292	29617326.861006	-0.222026	-0.244661
0.473000	-0.606261	0.055327	-0.517069	11246538.510860	29558419.749252	-0.226427	-0.246306
0.474000	-0.606261	0.054803	-0.531108	11477587.278014	29508295.877788	-0.230281	-0.247687
0.475000	-0.606261	0.054266	-0.542840	11689538.848137	29470361.170760	-0.233645	-0.248841
0.476000	-0.606261	0.053718	-0.552600	11864013.181949	29442285.701744	-0.236573	-0.249798
0.477000	-0.606261	0.053161	-0.560788	12001007.859663	29421080.488897	-0.239112	-0.250583
0.478000	-0.606261	0.052597	-0.567747	12108059.610321	29404226.491306	-0.241307	-0.251223
0.479000	-0.606261	0.052026	-0.573736	12193789.289371	29390029.292637	-0.243197	-0.251737
0.480000	-0.606261	0.051449	-0.578928	12265154.746335	29377519.884672	-0.244819	-0.252144
0.481000	-0.606261	0.050868	-0.583444	12326799.811441	29366230.800613	-0.246204	-0.252462
0.482000	-0.606261	0.050283	-0.587364	12381397.089607	29355978.341761	-0.247382	-0.252704
0.483000	-0.606261	0.049694	-0.590754	12430317.231771	29346709.569973	-0.248379	-0.252884
0.484000	-0.606261	0.049101	-0.593667	12474195.261929	29338407.733684	-0.249218	-0.253012
0.485000	-0.606261	0.048506	-0.596155	12513354.536961	29331050.934680	-0.249921	-0.253098
0.486000	-0.606261	0.047909	-0.598264	12548030.853223	29324593.407977	-0.250506	-0.253149
0.487000	-0.606261	0.047310	-0.600039	12578471.749825	29318974.982697	-0.250989	-0.253174
0.488000	-0.606261	0.046709	-0.601523	12605006.159463	29314119.598354	-0.251385	-0.253177
0.489000	-0.606261	0.046107	-0.602753	12627945.720745	29309954.398711	-0.251707	-0.253163
0.490000	-0.606261	0.045504	-0.603766	12647676.793512	29306395.752785	-0.251966	-0.253136
0.491000	-0.606261	0.044899	-0.604593	12664547.149937	29303372.072100	-0.252171	-0.253101
0.492000	-0.606261	0.044294	-0.605260	12678892.838026	29300816.443424	-0.252332	-0.253059
0.493000	-0.606261	0.043689	-0.605793	12691026.370649	29298668.269839	-0.252455	-0.253012
0.494000	-0.606261	0.043083	-0.606212	12701232.219584	29296873.164566	-0.252547	-0.252964
0.495000	-0.606261	0.042477	-0.606536	12709765.987933	29295382.986294	-0.252614	-0.252914
0.496000	-0.606261	0.041870	-0.606781	12716855.229360	29294155.124584	-0.252659	-0.252864
0.497000	-0.606261	0.041263	-0.606959	12722701.641354	29293152.241573	-0.252687	-0.252816
0.498000	-0.606261	0.040656	-0.607083	12727466.452860	29292345.940713	-0.252702	-0.252769
0.499000	-0.606261	0.040049	-0.607164	12731321.356050	29291700.833836	-0.252706	-0.252725
0.500000	-0.606261	0.039442	-0.607210	12734408.463223	29291191.554566	-0.252702	-0.252683
0.501000	-0.606261	0.038834	-0.607228	12736849.367399	29290796.279815	-0.252691	-0.252643
0.502000	-0.606261	0.038227	-0.607224	12738748.253306	29290496.245250	-0.252676	-0.252607
0.503000	-0.606261	0.037620	-0.607203	12740167.664357	29290283.450115	-0.252658	-0.252573
0.504000	-0.606261	0.037013	-0.607169	12741206.899477	29290133.761146	-0.252637	-0.252542
0.505000	-0.606261	0.036406	-0.607127	12741947.410292	29290033.058889	-0.252615	-0.252514
0.506000	-0.606261	0.035799	-0.607080	12742447.919607	29289972.347301	-0.252592	-0.252488
0.507000	-0.606261	0.035192	-0.607028	12742753.640840	29289944.433385	-0.252570	-0.252465
0.508000	-0.606261	0.034585	-0.606974	12742903.693059	29289942.196574	-0.252548	-0.252444
0.509000	-0.606261	0.033978	-0.606920	12742931.777118	29289959.540842	-0.252526	-0.252425
0.510000	-0.606261	0.033371	-0.606867	12742864.396391	29289992.454116	-0.252505	-0.252409
0.511000	-0.606261	0.032764	-0.606814	12742721.933148	29290037.093824	-0.252485	-0.252394
0.512000	-0.606261	0.032157	-0.606764	12742522.554375	29290090.314508	-0.252467	-0.252381
0.513000	-0.606261	0.031550	-0.606716	12742279.511087	29290150.074387	-0.252450	-0.252369
0.514000	-0.606261	0.030944	-0.606671	12742011.078446	29290211.990161	-0.252434	-0.252359
0.515000	-0.606261	0.030337	-0.606628	12741728.712184	29290274.706417	-0.252419	-0.252350
0.516000	-0.606261	0.029730	-0.606589	12741440.171905	29290337.133456	-0.252406	-0.252343
0.517000	-0.606261	0.029124	-0.606553	12741151.659158	29290398.371171	-0.252393	-0.252336
0.518000	-0.606261	0.028517	-0.606519	12740868.304819	29290457.838662	-0.252382	-0.252330
0.519000	-0.606261	0.027911	-0.606489	12740592.671833	29290514.931661	-0.252372	-0.252325
0.520000	-0.606261	0.027304	-0.606461	12740327.918056	29290569.113074	-0.252363	-0.252321
0.521000	-0.606261	0.026698	-0.606436	12740076.390695	29290620.046563	-0.252355	-0.252317
0.522000	-0.606261	0.026092	-0.606414	12739839.732755	29290667.523733	-0.252348	-0.252314
0.523000	-0.606261	0.025485	-0.606394	12739618.990541	29290711.419278	-0.252342	-0.252312
0.524000	-0.606261	0.024879	-0.606376	12739414.626027	29290751.752222	-0.252336	-0.252310
0.525000	-0.606261	0.024272	-0.606360	12739226.635131	29290788.618863	-0.252331	-0.252308
0.526000	-0.606261	0.023666	-0.606346	12739054.687731	29290822.148712	-0.252327	-0.252306
0.527000	-0.606261	0.023060	-0.606333	12738898.240687	29290852.496202	-0.252323	-0.252305
0.528000	-0.606261	0.022453	-0.606322	12738755.627032	29290879.803178	-0.252320	-0.252304
0.529000	-0.606261	0.021847	-0.606313	12738627.588261	29290904.655990	-0.252317	-0.252303
0.530000	-0.606261	0.021241	-0.606304	12738511.100533	29290926.870812	-0.252314	-0.252303
0.531000	-0.606261	0.020634	-0.606297	12738406.523046	29290946.865017	-0.252312	-0.252302
0.532000	-0.606261	0.020028	-0.606290	12738312.885697	29290964.713518	-0.252311	-0.252302
0.533000	-0.606261	0.019422	-0.606285	12738229.441036	29290980.534315	-0.252309	-0.252302
0.534000	-0.606261	0.018816	-0.606280	12738155.493366	29290994.468649	-0.252308	-0.252302
0.535000	-0.606261	0.018209	-0.606276	12738090.333780	29291006.671207	-0.252307	-0.252301
0.536000	-0.606261	0.017603	-0.606273	12738033.230925	29291017.301802	-0.252306	-0.252301
0.537000	-0.606261	0.016997	-0.606270	12737983.445425	29291026.518536	-0.252305	-0.252301
0.538000	-0.606261	0.016390	-0.606268	12737940.250053	29291034.472918	-0.252304	-0.252301
0.539000	-0.606261	0.015784	-0.606266	12737902.947337	29291041.306865	-0.252304	-0.252301
0.540000	-0.606261	0.015178	-0.606264	12737870.881820	29291047.151202	-0.252303	-0.252302
0.541000	-0.606261	0.014572	-0.606263	12737843.447011	29291052.125197	-0.252303	-0.252302
0.542000	-0.606261	0.013965	-0.606262	12737820.692113	29291056.198445	-0.252303	-0.252302
0.543000	-0.606261	0.013359	-0.606261	12737801.385790	29291059.653522	-0.252303	-0.252302
0.544000	-0.606261	0.012753	-0.606260	12737785.054584	29291062.565653	-0.252303	-0.252302
0.545000	-0.606261	0.012147	-0.606260	12737771.300246	29291065.005105	-0.252302	-0.252302
0.546000	-0.606261	0.011540	-0.606260	12737759.781364	29291067.033733	-0.252302	-0.252302
0.547000	-0.606261	0.010934	-0.606259	12737750.200588	29291068.706440	-0.252302	-0.252302
0.548000	-0.606261	0.010328	-0.606259	12737742.296142	29291070.072154	-0.252302	-0.252302
0.549000	-0.606261	0.009722	-0.606259	12737735.836265	29291071.174461	-0.252302	-0.252302
0.550000	-0.606261	0.009115	-0.606259	12737730.615472	29291072.052062	-0.252302	-0.252302
0.551000	-0.606261	0.008509	-0.606259	12737726.451848	29291072.739154	-0.252302	-0.252302
0.552000	-0.606261	0.007903	-0.606259	12737723.184885	29291073.265799	-0.252302	-0.252303
0.553000	-0.606261	0.007297	-0.606259	12737720.673587	29291073.658271	-0.252302	-0.252303
0.554000	-0.606261	0.006690	-0.606259	12737718.794707	29291073.939410	-0.252302	-0.252303
0.555000	-0.606261	0.006084	-0.606259	12737717.441066	29291074.128963	-0.252302	-0.252303
0.556000	-0.606261	0.005478	-0.606259	12737716.519944	29291074.243913	-0.252303	-0.252303
0.557000	-0.606261	0.004872	-0.606259	12737715.951550	29291074.298786	-0.252303	-0.252303
0.558000	-0.606261	0.004265	-0.606259	12737715.667585	29291074.305940	-0.252303	-0.252303
0.559000	-0.606261	0.003659	-0.606260	12737715.609910	29291074.275825	-0.252303	-0.252303
0.560000	-0.606261	0.003053	-0.606260	12737715.729317	29291074.217229	-0.252303	-0.252303
0.561000	-0.606261	0.002446	-0.606260	12737715.984414	29291074.137487	-0.252303	-0.252303
0.562000	-0.606261	0.001840	-0.606260	12737716.340619	29291074.042678	-0.252303	-0.252303
0.563000	-0.606261	0.001234	-0.606260	12737716.769252	29291073.937799	-0.252303	-0.252303
0.564000	-0.606261	0.000628	-0.606260	12737717.246729	29291073.826912	-0.252303	-0.252303
0.565000	-0.606261	0.000021	-0.606260	12737717.753842	29291073.713287	-0.252303	-0.252303
0.566000	-0.606261	-0.000585	-0.606260	12737718.286725	29291073.596107	-0.252303	-0.252303
0.567000	-0.606261	-0.001191	-0.606260	12737718.805844	29291073.486913	-0.252303	-0.252303
0.568000	-0.606261	-0.001797	-0.606260	12737719.314334	29291073.380361	-0.252303	-0.252303
0.569000	-0.606261	-0.002404	-0.606260	12737719.808679	29291073.277524	-0.252303	-0.252303
0.570000	-0.606261	-0.003010	-0.606260	12737720.284646	29291073.179410	-0.252303	-0.252303
0.571000	-0.606261	-0.003616	-0.606260	12737720.738323	29291073.086777	-0.252303	-0.252303
0.572000	-0.606261	-0.004222	-0.606260	12737721.166627	29291073.000120	-0.252303	-0.252303
0.573000	-0.606261	-0.004829	-0.606260	12737721.567455	29291072.919702	-0.252303	-0.252303
0.574000	-0.606261	-0.005435	-0.606260	12737721.939637	29291072.845598	-0.252303	-0.252303
0.575000	-0.606261	-0.006041	-0.606261	12737722.282810	29291072.777735	-0.252303	-0.252303
0.576000	-0.606261	-0.006647	-0.606261	12737722.597258	29291072.715937	-0.252303	-0.252303
0.577000	-0.606261	-0.007254	-0.606261	12737722.883750	29291072.659950	-0.252303	-0.252303
0.578000	-0.606261	-0.007860	-0.606261	12737723.143413	29291072.609469	-0.252303	-0.252303
0.579000	-0.606261	-0.008466	-0.606261	12737723.377618	29291072.564160	-0.252303	-0.252303
0.580000	-0.606261	-0.009072	-0.606261	12737723.587890	29291072.523669	-0.252303	-0.252303
0.581000	-0.606261	-0.009679	-0.606261	12737723.775847	29291072.487636	-0.252303	-0.252303
0.582000	-0.606261	-0.010285	-0.606261	12737723.943138	29291072.455704	-0.252303	-0.252303
0.583000	-0.606261	-0.010891	-0.606261	12737724.091414	29291072.427523	-0.252303	-0.252303
0.584000	-0.606261	-0.011497	-0.606261	12737724.222290	29291072.402755	-0.252303	-0.252303
0.585000	-0.606261	-0.012104	-0.606261	12737724.337331	29291072.381077	-0.252303	-0.252303
0.586000	-0.606261	-0.012710	-0.606261	12737724.438029	29291072.362184	-0.252303	-0.252303
0.587000	-0.606261	-0.013316	-0.606261	12737724.525798	29291072.345790	-0.252303	-0.252303
0.588000	-0.606261	-0.013923	-0.606261	12737724.601966	29291072.331629	-0.252303	-0.252303
0.589000	-0.606261	-0.014529	-0.606261	12737724.667767	29291072.319453	-0.252303	-0.252303
0.590000	-0.606261	-0.015135	-0.606261	12737724.724346	29291072.309037	-0.252303	-0.252303
0.591000	-0.606261	-0.015741	-0.606261	12737724.772754	29291072.300173	-0.252303	-0.252303
0.592000	-0.606261	-0.016348	-0.606261	12737724.813953	29291072.292672	-0.252303	-0.252303
0.593000	-0.606261	-0.016954	-0.606261	12737724.848818	29291072.286364	-0.252303	-0.252303
0.594000	-0.606261	-0.017560	-0.606261	12737724.878141	29291072.281096	-0.252303	-0.252303
0.595000	-0.606261	-0.018166	-0.606261	12737724.902635	29291072.276728	-0.252303	-0.252303
0.596000	-0.606261	-0.018773	-0.606261	12737724.922942	29291072.273140	-0.252303	-0.252303
0.597000	-0.606261	-0.019379	-0.606261	12737724.939633	29291072.270220	-0.252303	-0.252303
0.598000	-0.606261	-0.019985	-0.606261	12737724.953216	29291072.267872	-0.252303	-0.252303
0.599000	-0.606261	-0.020591	-0.606261	12737724.964142	29291072.266010	-0.252303	-0.252303
