time	ref	y	y_dot	p1	p2	z	u
0.000000	0.578157	0.000010	0.021086	2970545.204969	2218047.066174	0.015442	0.085191
0.001000	0.578157	0.000048	0.058425	4708406.697602	1782366.519768	0.028847	0.089390
0.002000	0.578157	0.000132	0.110742	6280733.141561	2672303.336914	0.040786	0.094710
0.003000	0.578157	0.000271	0.168675	7037185.809068	4103920.603671	0.051845	0.101795
0.004000	0.578157	0.000468	0.222563	6905070.486071	5422475.637923	0.062193	0.108933
0.005000	0.578157	0.000712	0.263045	6267050.583517	6176438.273961	0.071873	0.115594
0.006000	0.578157	0.000987	0.283535	5800282.956314	6094879.763249	0.080809	0.121168
0.007000	0.578157	0.001274	0.288237	6083231.989162	5373650.038095	0.088875	0.125308
0.008000	0.578157	0.001562	0.288447	7212892.265240	4559330.609491	0.096144	0.128977
0.009000	0.578157	0.001852	0.293482	8827003.356466	4036141.934996	0.102642	0.131989
0.010000	0.578157	0.002152	0.306759	10404025.353739	3859381.325739	0.108477	0.134834
0.011000	0.578157	0.002468	0.326683	11555521.079923	3926663.180769	0.113776	0.137711
0.012000	0.578157	0.002806	0.349316	12151600.530330	4109959.140049	0.118661	0.140726
0.013000	0.578157	0.003166	0.370923	12281100.615853	4305206.719588	0.123195	0.143672
0.014000	0.578157	0.003547	0.389361	12132591.861884	4451252.805293	0.127409	0.146439
0.015000	0.578157	0.003944	0.404223	11886001.056804	4532199.709610	0.131306	0.148911
0.016000	0.578157	0.004354	0.416247	11655479.605298	4563308.608324	0.134887	0.151062
0.017000	0.578157	0.004776	0.426558	11482690.862613	4570789.873674	0.138159	0.152939
0.018000	0.578157	0.005207	0.436111	11359151.277857	4576643.711349	0.141142	0.154612
0.019000	0.578157	0.005648	0.445448	11255712.541058	4592709.490859	0.143861	0.156146
0.020000	0.578157	0.006098	0.454710	11145214.510747	4621327.898103	0.146349	0.157584
0.021000	0.578157	0.006557	0.463787	11013281.963861	4659048.079610	0.148632	0.158944
0.022000	0.578157	0.007025	0.472480	10859012.189101	4700529.888214	0.150733	0.160227
0.023000	0.578157	0.007502	0.480628	10690108.793713	4741216.334711	0.152672	0.161428
0.024000	0.578157	0.007986	0.488153	10516923.678536	4778472.904773	0.154462	0.162545
0.025000	0.578157	0.008478	0.495061	10348113.665264	4811580.643360	0.156114	0.163576
0.026000	0.578157	0.008976	0.501416	10188744.776848	4841077.662259	0.157638	0.164525
0.027000	0.578157	0.009481	0.507312	10040121.077813	4868237.238286	0.159045	0.165400
0.028000	0.578157	0.009991	0.512821	9900979.312183	4894092.543811	0.160344	0.166209
0.029000	0.578157	0.010506	0.517983	9769599.605669	4919035.939464	0.161543	0.166960
0.030000	0.578157	0.011027	0.522825	9644638.725615	4943133.614230	0.162651	0.167658
0.031000	0.578157	0.011552	0.527360	9525364.420391	4966279.246390	0.163676	0.168307
0.032000	0.578157	0.012081	0.531601	9411555.308169	4988328.451322	0.164625	0.168912
0.033000	0.578157	0.012615	0.535560	9303262.590028	5009183.735128	0.165504	0.169474
0.034000	0.578157	0.013152	0.539254	9200581.147660	5028825.348251	0.166318	0.169996
0.035000	0.578157	0.013693	0.542700	9103508.210800	5047300.545689	0.167073	0.170481
0.036000	0.578157	0.014238	0.545915	9011899.336877	5064694.889755	0.167772	0.170933
0.037000	0.578157	0.014785	0.548919	8925491.979684	5081105.524972	0.168421	0.171353
0.038000	0.578157	0.015335	0.551727	8843957.313700	5096618.791567	0.169023	0.171743
0.039000	0.578157	0.015888	0.554354	8766955.623696	5111305.149474	0.169582	0.172107
0.040000	0.578157	0.016444	0.556812	8694171.091767	5125218.118060	0.170101	0.172446
0.041000	0.578157	0.017002	0.559112	8625326.705733	5138399.318820	0.170584	0.172762
0.042000	0.578157	0.017562	0.561267	8560183.179098	5150884.562081	0.171032	0.173056
0.043000	0.578157	0.018124	0.563284	8498529.800408	5162707.738999	0.171448	0.173331
0.044000	0.578157	0.018689	0.565174	8440174.772081	5173902.319313	0.171836	0.173587
0.045000	0.578157	0.019255	0.566944	8384936.382470	5184503.294291	0.172197	0.173826
0.046000	0.578157	0.019823	0.568604	8332639.869958	5194543.546547	0.172533	0.174050
0.047000	0.578157	0.020392	0.570160	8283116.165377	5204060.619363	0.172845	0.174258
0.048000	0.578157	0.020963	0.571620	8236202.579282	5213085.030943	0.173137	0.174453
0.049000	0.578157	0.021535	0.572990	8191741.950858	5221645.178940	0.173408	0.174636
0.050000	0.578157	0.022109	0.574276	8149597.495527	5229763.347787	0.173662	0.174806
0.051000	0.578157	0.022684	0.575484	8109634.741695	5237467.307157	0.173898	0.174965
0.052000	0.578157	0.023260	0.576619	8071728.129714	5244780.106029	0.174119	0.175115
0.053000	0.578157	0.023837	0.577686	8035761.849746	5251723.036677	0.174324	0.175254
0.054000	0.578157	0.024415	0.578689	8001627.857890	5258315.587539	0.174517	0.175385
0.055000	0.578157	0.024994	0.579632	7969225.498234	5264576.565224	0.174696	0.175508
0.056000	0.578157	0.025574	0.580520	7938460.315620	5270523.705315	0.174864	0.175623
0.057000	0.578157	0.026155	0.581355	7909244.316656	5276173.176700	0.175021	0.175731
0.058000	0.578157	0.026737	0.582141	7881495.217087	5281540.603082	0.175168	0.175832
0.059000	0.578157	0.027320	0.582882	7855135.684359	5286640.605659	0.175306	0.175927
0.060000	0.578157	0.027903	0.583580	7830092.702073	5291486.855441	0.175435	0.176016
0.061000	0.578157	0.028487	0.584237	7806298.228457	5296091.967328	0.175555	0.176100
0.062000	0.578157	0.029071	0.584857	7783688.317901	5300468.119655	0.175668	0.176179
0.063000	0.578157	0.029656	0.585441	7762203.077397	5304626.475294	0.175774	0.176253
0.064000	0.578157	0.030242	0.585991	7741786.897476	5308577.519241	0.175873	0.176322
0.065000	0.578157	0.030828	0.586511	7722386.787824	5312331.429012	0.175967	0.176388
0.066000	0.578157	0.031415	0.587001	7703953.112657	5315897.412651	0.176054	0.176449
0.067000	0.578157	0.032002	0.587463	7686439.369456	5319284.249375	0.176136	0.176507
0.068000	0.578157	0.032590	0.587899	7669802.004428	5322500.124565	0.176213	0.176561
0.069000	0.578157	0.033178	0.588311	7654000.144796	5325552.778263	0.176285	0.176613
0.070000	0.578157	0.033767	0.588699	7638995.463419	5328449.570359	0.176353	0.176661
0.071000	0.578157	0.034356	0.589066	7624751.374818	5331197.636404	0.176417	0.176706
0.072000	0.578157	0.034945	0.589412	7611233.127374	5333803.633972	0.176477	0.176749
0.073000	0.578157	0.035534	0.589738	7598408.436135	5336273.391188	0.176534	0.176789
0.074000	0.578157	0.036124	0.590046	7586246.924246	5338612.789596	0.176587	0.176827
0.075000	0.578157	0.036715	0.590337	7574719.141085	5340826.769596	0.176637	0.176863
0.076000	0.578157	0.037305	0.590611	7563800.138056	5342921.093841	0.176684	0.176897
0.077000	0.578157	0.037896	0.590869	7553463.303085	5344900.954934	0.176729	0.176929
0.078000	0.578157	0.038487	0.591113	7543683.916709	5346770.870702	0.176770	0.176959
0.079000	0.578157	0.039078	0.591342	7534438.857065	5348535.270254	0.176810	0.176987
0.080000	0.578157	0.039669	0.591558	7525706.676875	5350198.077369	0.176846	0.177014
0.081000	0.578157	0.040261	0.591762	7517466.682437	5351763.464127	0.176881	0.177039
0.082000	0.578157	0.040853	0.591954	7509699.470020	5353235.117884	0.176914	0.177062
0.083000	0.578157	0.041445	0.592134	7502387.552362	5354616.251248	0.176945	0.177084
0.084000	0.578157	0.042037	0.592303	7495512.135743	5355910.657630	0.176974	0.177105
0.085000	0.578157	0.042630	0.592462	7489056.975260	5357121.382802	0.177001	0.177125
0.086000	0.578157	0.043222	0.592611	7483006.855084	5358251.206261	0.177027	0.177143
0.087000	0.578157	0.043815	0.592750	7477346.917457	5359303.227942	0.177051	0.177160
0.088000	0.578157	0.044408	0.592880	7472062.806934	5360280.376968	0.177074	0.177177
0.089000	0.578157	0.045001	0.593002	7467141.141017	5361184.920478	0.177095	0.177192
0.090000	0.578157	0.045594	0.593116	7462569.135943	5362019.535313	0.177115	0.177206
0.091000	0.578157	0.046187	0.593222	7458334.479105	5362786.637583	0.177134	0.177220
0.092000	0.578157	0.046780	0.593320	7454425.481695	5363488.488236	0.177152	0.177232
0.093000	0.578157	0.047373	0.593411	7450831.022073	5364127.274316	0.177169	0.177244
0.094000	0.578157	0.047967	0.593495	7447540.663090	5364704.961474	0.177184	0.177255
0.095000	0.578157	0.048560	0.593573	7444544.098656	5365223.721020	0.177199	0.177265
0.096000	0.578157	0.049154	0.593644	7441831.691351	5365685.440602	0.177212	0.177274
0.097000	0.578157	0.049748	0.593709	7439394.466643	5366091.562561	0.177225	0.177283
0.098000	0.578157	0.050341	0.593768	7437223.759248	5366443.932763	0.177237	0.177291
0.099000	0.578157	0.050935	0.593822	7435311.444980	5366744.051447	0.177248	0.177298
0.100000	0.578157	0.051529	0.593870	7433649.502825	5366993.732125	0.177258	0.177305
0.101000	0.578157	0.052123	0.593913	7432230.039029	5367194.530614	0.177268	0.177311
0.102000	0.578157	0.052717	0.593951	7431045.869764	5367347.645258	0.177277	0.177317
0.103000	0.578157	0.053311	0.593984	7430089.749048	5367454.728318	0.177285	0.177322
0.104000	0.578157	0.053905	0.594012	7429354.962920	5367517.238760	0.177293	0.177327
0.105000	0.578157	0.054499	0.594036	7428835.171034	5367536.014433	0.177300	0.177331
0.106000	0.578157	0.055093	0.594055	7428524.074692	5367512.510640	0.177306	0.177335
0.107000	0.578157	0.055687	0.594071	7428415.902295	5367447.737289	0.177312	0.177338
0.108000	0.578157	0.056281	0.594082	7428505.270360	5367342.750497	0.177317	0.177341
0.109000	0.578157	0.056875	0.594089	7428787.030579	5367198.571246	0.177322	0.177343
0.110000	0.578157	0.057469	0.594093	7429255.960597	5367016.501718	0.177326	0.177345
0.111000	0.578157	0.058063	0.594093	7429906.712728	5366797.442725	0.177329	0.177346
0.112000	0.578157	0.058657	0.594089	7430734.526061	5366542.291732	0.177333	0.177348
0.113000	0.578157	0.059252	0.594081	7431734.990330	5366252.112823	0.177336	0.177348
0.114000	0.578157	0.059846	0.594071	7432904.584701	5365927.517694	0.177338	0.177349
0.115000	0.578157	0.060440	0.594057	7434243.457188	5365568.716429	0.177340	0.177349
0.116000	0.578157	0.061034	0.594040	7435734.676106	5365179.034545	0.177341	0.177349
0.117000	0.578157	0.061628	0.594020	7437377.862304	5364757.763313	0.177343	0.177348
0.118000	0.578157	0.062222	0.593997	7439171.250733	5364305.198788	0.177344	0.177347
0.119000	0.578157	0.062816	0.593971	7441113.032566	5363821.911417	0.177344	0.177346
0.120000	0.578157	0.063410	0.593942	7443207.690741	5363306.819761	0.177344	0.177345
0.121000	0.578157	0.064004	0.593910	7445442.222271	5362764.123341	0.177344	0.177343
0.122000	0.578157	0.064598	0.593876	7447812.747268	5362193.896837	0.177343	0.177341
0.123000	0.578157	0.065191	0.593840	7450316.092288	5361596.406673	0.177343	0.177339
0.124000	0.578157	0.065785	0.593800	7452949.853216	5360971.915557	0.177341	0.177336
0.125000	0.578157	0.066379	0.593759	7455711.943264	5360320.810355	0.177340	0.177333
0.126000	0.578157	0.066973	0.593714	7458607.465361	5359641.092683	0.177338	0.177330
0.127000	0.578157	0.067566	0.593668	7461627.159168	5358937.084585	0.177336	0.177327
0.128000	0.578157	0.068160	0.593619	7464760.083141	5358211.440529	0.177334	0.177324
0.129000	0.578157	0.068754	0.593568	7468008.416273	5357461.167368	0.177332	0.177320
0.130000	0.578157	0.069347	0.593515	7471371.302955	5356686.682883	0.177329	0.177316
0.131000	0.578157	0.069941	0.593459	7474855.640493	5355885.121033	0.177326	0.177312
0.132000	0.578157	0.070534	0.593402	7478452.338469	5355061.893069	0.177323	0.177308
0.133000	0.578157	0.071127	0.593342	7482156.860869	5354217.277001	0.177319	0.177303
0.134000	0.578157	0.071721	0.593281	7485965.623986	5353351.590160	0.177315	0.177298
0.135000	0.578157	0.072314	0.593218	7489875.940444	5352465.089250	0.177311	0.177293
0.136000	0.578157	0.072907	0.593152	7493874.577677	5351563.256591	0.177307	0.177288
0.137000	0.578157	0.073500	0.593085	7497983.130672	5350631.744310	0.177303	0.177283
0.138000	0.578157	0.074093	0.593016	7502182.742037	5349685.796397	0.177298	0.177277
0.139000	0.578157	0.074686	0.592945	7506479.210226	5348717.753978	0.177293	0.177272
0.140000	0.578157	0.075279	0.592872	7510874.024588	5347728.177563	0.177288	0.177266
0.141000	0.578157	0.075872	0.592798	7515366.265672	5346718.405142	0.177283	0.177260
0.142000	0.578157	0.076465	0.592721	7519953.364576	5345689.529930	0.177278	0.177253
0.143000	0.578157	0.077057	0.592643	7524632.140646	5344642.393928	0.177272	0.177247
0.144000	0.578157	0.077650	0.592564	7529399.542987	5343577.699791	0.177267	0.177241
0.145000	0.578157	0.078243	0.592483	7534253.213451	5342495.114471	0.177261	0.177234
0.146000	0.578157	0.078835	0.592400	7539191.424688	5341395.088977	0.177255	0.177227
0.147000	0.578157	0.079427	0.592316	7544212.667981	5340277.826556	0.177248	0.177220
0.148000	0.578157	0.080020	0.592230	7549315.811711	5339143.376840	0.177242	0.177213
0.149000	0.578157	0.080612	0.592143	7554499.662048	5337992.132634	0.177235	0.177205
0.150000	-0.295309	0.081203	0.587306	6673195.114205	6246499.127890	0.160153	0.083001
0.151000	-0.295309	0.081780	0.564715	4842478.334932	7099247.980043	0.144964	0.076357
0.152000	-0.295309	0.082325	0.521727	3000006.785384	7516668.420721	0.131020	0.068039
0.153000	-0.295309	0.082819	0.463508	1696188.360671	7461099.717862	0.117685	0.057457
0.154000	-0.295309	0.083250	0.398497	1111720.030903	7074303.608849	0.104520	0.045056
0.155000	-0.295309	0.083616	0.334427	1157186.595504	6553719.201394	0.091450	0.032416
0.156000	-0.295309	0.083921	0.276463	1598254.711363	6081458.911868	0.078481	0.019907
0.157000	-0.295309	0.084172	0.226480	2152372.275521	5801997.465110	0.065504	0.006891
0.158000	-0.295309	0.084376	0.183368	2587328.178188	5773044.418631	0.052694	-0.005166
0.159000	-0.295309	0.084540	0.144349	2790552.039303	5974773.706290	0.040297	-0.015696
0.160000	-0.295309	0.084665	0.106563	2775476.536352	6324999.034947	0.028561	-0.024446
0.161000	-0.295309	0.084753	0.068310	2623724.954004	6754307.592544	0.017347	-0.033305
0.162000	-0.295309	0.084802	0.029399	2407803.478823	7297819.725407	0.006378	-0.043166
0.163000	-0.295309	0.084813	-0.001193	2203055.199860	8751161.429129	-0.004435	-0.053270
0.164000	-0.295309	0.084804	-0.022697	2195232.402450	15740701.245834	-0.014878	-0.062044
0.165000	-0.295309	0.084757	-0.074404	3100404.984011	22852161.933715	-0.024974	-0.070577
0.166000	-0.295309	0.084653	-0.131670	5331899.569865	25216712.532374	-0.035704	-0.084166
0.167000	-0.295309	0.084501	-0.168333	8185813.043907	25594397.687628	-0.046682	-0.096266
0.168000	-0.295309	0.084324	-0.182037	10643399.173623	26665577.462671	-0.057165	-0.104511
0.169000	-0.295309	0.084141	-0.182590	12141719.460611	28047279.032905	-0.066208	-0.107056
0.170000	-0.295309	0.083960	-0.179110	12654522.093153	29038754.202465	-0.073622	-0.107106
0.171000	-0.295309	0.083782	-0.177714	12466408.897972	29583703.905882	-0.079568	-0.106421
0.172000	-0.295309	0.083603	-0.181497	11965461.919376	29808689.595200	-0.084363	-0.106025
0.173000	-0.295309	0.083417	-0.190594	11482838.122003	29828825.145134	-0.088407	-0.106673
0.174000	-0.295309	0.083221	-0.203117	11204674.261567	29736773.092974	-0.092028	-0.108384
0.175000	-0.295309	0.083011	-0.216543	11166526.826327	29608000.575677	-0.095438	-0.110840
0.176000	-0.295309	0.082788	-0.228825	11304155.035821	29496110.400253	-0.098715	-0.113514
0.177000	-0.295309	0.082554	-0.238917	11518825.533361	29426853.186888	-0.101845	-0.115984
0.178000	-0.295309	0.082311	-0.246717	11726461.048634	29400714.402990	-0.104776	-0.118014
0.179000	-0.295309	0.082061	-0.252719	11879974.932586	29403723.606246	-0.107460	-0.119584
0.180000	-0.295309	0.081806	-0.257600	11969037.725511	29418934.029828	-0.109876	-0.120793
0.181000	-0.295309	0.081546	-0.261945	12007563.298586	29433621.818492	-0.112034	-0.121777
0.182000	-0.295309	0.081282	-0.266104	12018547.655140	29441410.437522	-0.113958	-0.122653
0.183000	-0.295309	0.081014	-0.270203	12022568.314340	29441260.176285	-0.115686	-0.123491
0.184000	-0.295309	0.080742	-0.274210	12032185.811591	29435271.019060	-0.117250	-0.124317
0.185000	-0.295309	0.080466	-0.278030	12051492.113042	29426514.278739	-0.118677	-0.125124
0.186000	-0.295309	0.080186	-0.281570	12078786.547360	29417622.129533	-0.119985	-0.125893
0.187000	-0.295309	0.079903	-0.284780	12109654.776513	29410279.290551	-0.121188	-0.126624
0.188000	-0.295309	0.079616	-0.287659	12139527.934328	29405122.606862	-0.122300	-0.127321
0.189000	-0.295309	0.079327	-0.290243	12165532.272331	29401745.755967	-0.123323	-0.127948
0.190000	-0.295309	0.079036	-0.292579	12186855.459258	29399420.880256	-0.124264	-0.128512
0.191000	-0.295309	0.078742	-0.294715	12204087.527174	29397509.611791	-0.125126	-0.129022
0.192000	-0.295309	0.078446	-0.296686	12218435.141380	29395609.277425	-0.125917	-0.129489
0.193000	-0.295309	0.078149	-0.298512	12231069.646073	29393567.755992	-0.126642	-0.129920
0.194000	-0.295309	0.077849	-0.300207	12242809.139966	29391406.489565	-0.127308	-0.130318
0.195000	-0.295309	0.077548	-0.301776	12254054.393648	29389225.766227	-0.127920	-0.130688
0.196000	-0.295309	0.077246	-0.303224	12264879.247157	29387135.746898	-0.128484	-0.131029
0.197000	-0.295309	0.076942	-0.304557	12275183.767638	29385211.070057	-0.129002	-0.131345
0.198000	-0.295309	0.076637	-0.305783	12284810.936497	29383498.162027	-0.129480	-0.131638
0.199000	-0.295309	0.076331	-0.306909	12293631.683199	29382000.106672	-0.129920	-0.131911
0.200000	-0.295309	0.076023	-0.307944	12301613.375295	29380673.430973	-0.130326	-0.132161
0.201000	-0.295309	0.075715	-0.308898	12308819.607964	29379470.755873	-0.130700	-0.132391
0.202000	-0.295309	0.075405	-0.309778	12315358.138124	29378361.172346	-0.131045	-0.132604
0.203000	-0.295309	0.075095	-0.310590	12321331.802727	29377320.837095	-0.131363	-0.132799
0.204000	-0.295309	0.074784	-0.311340	12326841.598956	29376342.319364	-0.131656	-0.132980
0.205000	-0.295309	0.074472	-0.312032	12331947.759586	29375426.240775	-0.131926	-0.133147
0.206000	-0.295309	0.074160	-0.312671	12336687.337303	29374573.911289	-0.132175	-0.133301
0.207000	-0.295309	0.073847	-0.313261	12341082.592787	29373786.255348	-0.132405	-0.133443
0.208000	-0.295309	0.073534	-0.313805	12345149.300987	29373061.520393	-0.132617	-0.133574
0.209000	-0.295309	0.073220	-0.314306	12348903.208902	29372395.748484	-0.132812	-0.133695
0.210000	-0.295309	0.072905	-0.314768	12352360.956219	29371784.355234	-0.132992	-0.133807
0.211000	-0.295309	0.072590	-0.315195	12355544.671989	29371220.864705	-0.133158	-0.133909
0.212000	-0.295309	0.072275	-0.315588	12358476.712763	29370701.476091	-0.133312	-0.134004
0.213000	-0.295309	0.071959	-0.315951	12361178.457724	29370222.026601	-0.133453	-0.134092
0.214000	-0.295309	0.071643	-0.316285	12363669.511736	29369779.177252	-0.133583	-0.134172
0.215000	-0.295309	0.071326	-0.316594	12365966.394138	29369370.580569	-0.133703	-0.134247
0.216000	-0.295309	0.071010	-0.316879	12368084.962894	29368993.037409	-0.133814	-0.134315
0.217000	-0.295309	0.070693	-0.317142	12370040.453444	29368643.217514	-0.133916	-0.134379
0.218000	-0.295309	0.070375	-0.317384	12371845.327780	29368321.026057	-0.134011	-0.134437
0.219000	-0.295309	0.070058	-0.317608	12373510.840576	29368023.802477	-0.134098	-0.134491
0.220000	-0.295309	0.069740	-0.317814	12375047.426731	29367749.680062	-0.134178	-0.134541
0.221000	-0.295309	0.069422	-0.318004	12376464.866394	29367496.785136	-0.134252	-0.134586
0.222000	-0.295309	0.069104	-0.318180	12377770.487323	29367264.875063	-0.134320	-0.134629
0.223000	-0.295309	0.068786	-0.318342	12378974.234484	29367050.114082	-0.134383	-0.134668
0.224000	-0.295309	0.068467	-0.318491	12380085.079701	29366850.150398	-0.134441	-0.134704
0.225000	-0.295309	0.068149	-0.318629	12381112.211915	29366665.900558	-0.134494	-0.134737
0.226000	-0.295309	0.067830	-0.318756	12382056.764442	29366497.214659	-0.134544	-0.134768
0.227000	-0.295309	0.067511	-0.318873	12382929.269174	29366340.756408	-0.134589	-0.134796
0.228000	-0.295309	0.067192	-0.318981	12383734.781876	29366196.523564	-0.134631	-0.134822
0.229000	-0.295309	0.066873	-0.319081	12384478.073179	29366063.556194	-0.134670	-0.134846
0.230000	-0.295309	0.066554	-0.319173	12385163.374174	29365941.283823	-0.134706	-0.134868
0.231000	-0.295309	0.066235	-0.319258	12385794.384880	29365829.171995	-0.134739	-0.134889
0.232000	-0.295309	0.065916	-0.319336	12386376.102947	29365725.261771	-0.134769	-0.134907
0.233000	-0.295309	0.065596	-0.319408	12386912.886260	29365628.058511	-0.134797	-0.134925
0.234000	-0.295309	0.065277	-0.319475	12387408.351038	29365539.172502	-0.134823	-0.134941
0.235000	-0.295309	0.064957	-0.319536	12387872.434210	29365448.793034	-0.134847	-0.134956
0.236000	-0.295309	0.064638	-0.319592	12388302.288408	29365376.840945	-0.134869	-0.134969
0.237000	-0.295309	0.064318	-0.319644	12388693.742703	29365304.541511	-0.134889	-0.134982
0.238000	-0.295309	0.063998	-0.319692	12389057.745710	29365238.653631	-0.134907	-0.134993
0.239000	-0.295309	0.063679	-0.319736	12389393.130206	29365178.661106	-0.134924	-0.135003
0.240000	-0.295309	0.063359	-0.319776	12389701.878355	29365123.825891	-0.134940	-0.135013
0.241000	-0.295309	0.063039	-0.319814	12389985.770847	29365073.450293	-0.134954	-0.135022
0.242000	-0.295309	0.062719	-0.319848	12390246.929921	29365027.021775	-0.134968	-0.135030
0.243000	-0.295309	0.062399	-0.319880	12390487.739494	29364983.894895	-0.134980	-0.135037
0.244000	-0.295309	0.062080	-0.319909	12390709.867822	29364944.102821	-0.134991	-0.135044
0.245000	-0.295309	0.061760	-0.319936	12390913.562017	29364907.749805	-0.135002	-0.135051
0.246000	-0.295309	0.061440	-0.319960	12391101.549364	29364874.322825	-0.135011	-0.135056
0.247000	-0.295309	0.061120	-0.319983	12391274.541039	29364843.756227	-0.135020	-0.135062
0.248000	-0.295309	0.060800	-0.320004	12391433.555394	29364815.641054	-0.135028	-0.135067
0.249000	-0.295309	0.060480	-0.320024	12391579.274055	29364789.671845	-0.135036	-0.135071
0.250000	-0.295309	0.060160	-0.320042	12391714.029653	29364765.397437	-0.135043	-0.135076
0.251000	-0.295309	0.059840	-0.320058	12391838.757866	29364742.888006	-0.135049	-0.135080
0.252000	-0.295309	0.059520	-0.320074	12391954.239364	29364722.024092	-0.135055	-0.135083
0.253000	-0.295309	0.059199	-0.320088	12392061.067743	29364702.759474	-0.135061	-0.135087
0.254000	-0.295309	0.058879	-0.320101	12392159.824618	29364684.959156	-0.135066	-0.135090
0.255000	-0.295309	0.058559	-0.320113	12392250.789170	29364668.721185	-0.135070	-0.135092
0.256000	-0.295309	0.058239	-0.320124	12392334.356273	29364653.887551	-0.135075	-0.135095
0.257000	-0.295309	0.057919	-0.320134	12392411.281091	29364640.140574	-0.135079	-0.135097
0.258000	-0.295309	0.057599	-0.320143	12392482.231046	29364627.405346	-0.135082	-0.135100
0.259000	-0.295309	0.057279	-0.320152	12392547.438908	29364615.834104	-0.135086	-0.135102
0.260000	-0.295309	0.056959	-0.320160	12392607.323027	29364605.216498	-0.135089	-0.135104
0.261000	-0.295309	0.056638	-0.320167	12392662.234250	29364595.520300	-0.135092	-0.135105
0.262000	-0.295309	0.056318	-0.320174	12392712.780217	29364586.498483	-0.135094	-0.135107
0.263000	-0.295309	0.055998	-0.320180	12392759.502114	29364578.077124	-0.135097	-0.135108
0.264000	-0.295309	0.055678	-0.320186	12392802.611528	29364570.347455	-0.135099	-0.135110
0.265000	-0.295309	0.055358	-0.320191	12392842.549202	29364563.105000	-0.135101	-0.135111
0.266000	-0.295309	0.055037	-0.320196	12392879.439896	29364556.472927	-0.135103	-0.135112
0.267000	-0.295309	0.054717	-0.320201	12392913.500365	29364550.348937	-0.135105	-0.135113
0.268000	-0.295309	0.054397	-0.320205	12392945.021703	29364544.647778	-0.135106	-0.135114
0.269000	-0.295309	0.054077	-0.320209	12392974.165345	29364539.391742	-0.135108	-0.135115
0.270000	-0.295309	0.053757	-0.320213	12393001.052795	29364534.566581	-0.135109	-0.135116
0.271000	-0.295309	0.053436	-0.320216	12393026.019298	29364530.009353	-0.135111	-0.135117
0.272000	-0.295309	0.053116	-0.320219	12393049.182477	29364525.797163	-0.135112	-0.135117
0.273000	-0.295309	0.052796	-0.320222	12393070.530332	29364521.976813	-0.135113	-0.135118
0.274000	-0.295309	0.052476	-0.320225	12393090.159500	29364518.479482	-0.135114	-0.135119
0.275000	-0.295309	0.052156	-0.320227	12393108.194665	29364515.271891	-0.135115	-0.135119
0.276000	-0.295309	0.051835	-0.320229	12393124.870454	29364512.256714	-0.135116	-0.135120
0.277000	-0.295309	0.051515	-0.320231	12393140.226984	29364509.512851	-0.135117	-0.135120
0.278000	-0.295309	0.051195	-0.320233	12393154.459914	29364506.923339	-0.135117	-0.135121
0.279000	-0.295309	0.050875	-0.320235	12393167.715416	29364504.487015	-0.135118	-0.135121
0.280000	-0.295309	0.050554	-0.320237	12393179.909836	29364502.315130	-0.135119	-0.135122
0.281000	-0.295309	0.050234	-0.320238	12393191.143393	29364500.300442	-0.135119	-0.135122
0.282000	-0.295309	0.049914	-0.320240	12393201.583393	29364498.388562	-0.135120	-0.135122
0.283000	-0.295309	0.049594	-0.320241	12393211.308666	29364496.600042	-0.135120	-0.135123
0.284000	-0.295309	0.049273	-0.320242	12393220.263444	29364495.000290	-0.135121	-0.135123
0.285000	-0.295309	0.048953	-0.320243	12393228.532283	29364493.507850	-0.135121	-0.135123
0.286000	-0.295309	0.048633	-0.320244	12393236.050477	29364492.206491	-0.135122	-0.135123
0.287000	-0.295309	0.048313	-0.320245	12393243.019481	29364490.933065	-0.135122	-0.135124
0.288000	-0.295309	0.047992	-0.320246	12393249.461884	29364489.770726	-0.135122	-0.135124
0.289000	-0.295309	0.047672	-0.320247	12393255.430002	29364488.685290	-0.135123	-0.135124
0.290000	-0.295309	0.047352	-0.320248	12393261.034402	29364487.632812	-0.135123	-0.135124
0.291000	-0.295309	0.047032	-0.320248	12393266.225163	29364486.692706	-0.135123	-0.135124
0.292000	-0.295309	0.046711	-0.320249	12393271.045469	29364485.810145	-0.135123	-0.135125
0.293000	-0.295309	0.046391	-0.320250	12393275.366315	29364485.090544	-0.135124	-0.135125
0.294000	-0.295309	0.046071	-0.320250	12393279.408558	29364484.331945	-0.135124	-0.135125
0.295000	-0.295309	0.045751	-0.320251	12393283.166924	29364483.645756	-0.135124	-0.135125
0.296000	-0.295309	0.045430	-0.320251	12393286.623468	29364483.028022	-0.135124	-0.135125
0.297000	-0.295309	0.045110	-0.320252	12393289.812481	29364482.452897	-0.135124	-0.135125
0.298000	-0.295309	0.044790	-0.320252	12393292.792657	29364481.898905	-0.135124	-0.135125
0.299000	-0.295309	0.044470	-0.320252	12393295.540261	29364481.405995	-0.135125	-0.135125
0.300000	0.418988	0.000009	0.019736	2707672.572451	2510144.458389	0.011883	0.065556
0.301000	0.418988	0.000043	0.050219	3879247.057821	2239825.792021	0.022158	0.068567
0.302000	0.418988	0.000113	0.090549	4941830.080004	2964678.393515	0.031375	0.073005
0.303000	0.418988	0.000225	0.133773	5472317.767458	4226793.660428	0.039897	0.078385
0.304000	0.418988	0.000379	0.173384	5432474.594496	5427959.004981	0.047850	0.083773
0.305000	0.418988	0.000569	0.204652	5048841.384516	6189705.869466	0.055255	0.088700
0.306000	0.418988	0.000784	0.223549	4707407.950657	6312459.187326	0.062069	0.092846
0.307000	0.418988	0.001012	0.230271	4824360.312406	5811783.100286	0.068331	0.096613
0.308000	0.418988	0.001243	0.230970	5596064.261633	5029716.675453	0.073960	0.099386
0.309000	0.418988	0.001475	0.232921	6879795.731404	4384558.347771	0.078932	0.101387
0.310000	0.418988	0.001711	0.240201	8324991.013794	4059958.307684	0.083318	0.103131
0.311000	0.418988	0.001957	0.252979	9585934.618925	4019339.316777	0.087250	0.105008
0.312000	0.418988	0.002218	0.268924	10463660.991310	4148602.729059	0.090843	0.107073
0.313000	0.418988	0.002495	0.285087	10934660.884439	4334732.889360	0.094169	0.109194
0.314000	0.418988	0.002787	0.299304	11097304.358139	4496082.026059	0.097264	0.111243
0.315000	0.418988	0.003092	0.310738	11090551.936976	4594913.885134	0.100135	0.113100
0.316000	0.418988	0.003408	0.319673	11029770.974187	4633036.807721	0.102778	0.114714
0.317000	0.418988	0.003731	0.326959	10978586.450757	4634310.125878	0.105193	0.116103
0.318000	0.418988	0.004061	0.333480	10951947.053128	4625676.755640	0.107391	0.117318
0.319000	0.418988	0.004398	0.339835	10935540.246250	4625522.148757	0.109389	0.118417
0.320000	0.418988	0.004741	0.346254	10906948.369088	4640857.659860	0.111212	0.119443
0.321000	0.418988	0.005091	0.352684	10850276.408177	4669824.999080	0.112880	0.120416
0.322000	0.418988	0.005446	0.358940	10761420.208596	4706379.456075	0.114414	0.121341
0.323000	0.418988	0.005808	0.364835	10646294.361785	4744154.426112	0.115827	0.122213
0.324000	0.418988	0.006176	0.370259	10515799.245001	4778824.487705	0.117132	0.123024
0.325000	0.418988	0.006549	0.375194	10380775.071550	4808707.262902	0.118335	0.123771
0.326000	0.418988	0.006926	0.379688	10248880.814064	4834220.084060	0.119445	0.124457
0.327000	0.418988	0.007308	0.383822	10123740.304044	4856821.909596	0.120467	0.125086
0.328000	0.418988	0.007694	0.387672	10005735.002529	4878052.847788	0.121409	0.125664
0.329000	0.418988	0.008083	0.391294	9893487.128652	4898965.398874	0.122278	0.126200
0.330000	0.418988	0.008476	0.394716	9785288.441969	4919953.038673	0.123079	0.126699
0.331000	0.418988	0.008873	0.397946	9679957.037530	4940909.831424	0.123819	0.127163
0.332000	0.418988	0.009272	0.400986	9577107.439934	4961482.586950	0.124504	0.127597
0.333000	0.418988	0.009675	0.403836	9476992.734711	4981306.324072	0.125138	0.128001
0.334000	0.418988	0.010080	0.406498	9380164.694670	5000141.867542	0.125725	0.128378
0.335000	0.418988	0.010488	0.408983	9287152.308814	5017917.430391	0.126269	0.128728
0.336000	0.418988	0.010898	0.411305	9198268.650657	5034691.659808	0.126774	0.129053
0.337000	0.418988	0.011310	0.413477	9113563.213572	5050589.881469	0.127242	0.129356
0.338000	0.418988	0.011725	0.415513	9032878.892512	5065742.295738	0.127676	0.129638
0.339000	0.418988	0.012141	0.417425	8955949.881446	5080247.522880	0.128079	0.129901
0.340000	0.418988	0.012559	0.419223	8882494.848613	5094163.159865	0.128454	0.130147
0.341000	0.418988	0.012979	0.420914	8812273.323913	5107513.550234	0.128803	0.130376
0.342000	0.418988	0.013401	0.422504	8745103.746282	5120304.875821	0.129127	0.130591
0.343000	0.418988	0.013824	0.424000	8680854.082440	5132540.263606	0.129428	0.130791
0.344000	0.418988	0.014249	0.425407	8619420.035578	5144229.377566	0.129709	0.130979
0.345000	0.418988	0.014675	0.426731	8560703.443896	5155391.636707	0.129971	0.131155
0.346000	0.418988	0.015103	0.427977	8504599.306675	5166053.334559	0.130216	0.131319
0.347000	0.418988	0.015531	0.429151	8450992.236558	5176243.525631	0.130444	0.131474
0.348000	0.418988	0.015961	0.430259	8399759.051690	5185992.400680	0.130656	0.131618
0.349000	0.418988	0.016392	0.431304	8350775.959275	5195324.810386	0.130855	0.131754
0.350000	0.418988	0.016823	0.432290	8303923.415111	5204262.932415	0.131041	0.131881
0.351000	0.418988	0.017256	0.433222	8259087.473042	5212829.500786	0.131215	0.132001
0.352000	0.418988	0.017690	0.434103	8216168.879011	5221036.215612	0.131378	0.132113
0.353000	0.418988	0.018124	0.434936	8175072.974506	5228901.442554	0.131530	0.132219
0.354000	0.418988	0.018560	0.435725	8135712.057946	5236440.551540	0.131673	0.132319
0.355000	0.418988	0.018996	0.436471	8098002.974898	5243668.733850	0.131807	0.132412
0.356000	0.418988	0.019433	0.437178	8061867.247847	5250600.379656	0.131933	0.132501
0.357000	0.418988	0.019870	0.437848	8027229.809993	5257249.736373	0.132051	0.132584
0.358000	0.418988	0.020308	0.438484	7994019.333957	5263630.233274	0.132162	0.132663
0.359000	0.418988	0.020747	0.439087	7962167.814983	5269754.548802	0.132266	0.132737
0.360000	0.418988	0.021187	0.439659	7931610.536857	5275634.821258	0.132364	0.132807
0.361000	0.418988	0.021627	0.440203	7902286.648414	5281281.845496	0.132456	0.132873
0.362000	0.418988	0.022067	0.440720	7874138.965894	5286706.044177	0.132543	0.132936
0.363000	0.418988	0.022508	0.441211	7847113.731821	5291917.161327	0.132625	0.132996
0.364000	0.418988	0.022949	0.441679	7821160.052719	5296924.703385	0.132702	0.133052
0.365000	0.418988	0.023391	0.442124	7796230.404703	5301737.059595	0.132775	0.133105
0.366000	0.418988	0.023834	0.442548	7772279.220533	5306363.110546	0.132844	0.133155
0.367000	0.418988	0.024276	0.442952	7749263.115107	5310810.961957	0.132909	0.133203
0.368000	0.418988	0.024720	0.443337	7727141.217400	5315087.946684	0.132971	0.133249
0.369000	0.418988	0.025163	0.443704	7705875.030254	5319201.078410	0.133029	0.133292
0.370000	0.418988	0.025607	0.444054	7685428.236859	5323157.135311	0.133084	0.133333
0.371000	0.418988	0.026051	0.444388	7665765.259080	5326962.010981	0.133136	0.133372
0.372000	0.418988	0.026496	0.444707	7646856.093201	5330622.029253	0.133186	0.133409
0.373000	0.418988	0.026941	0.445012	7628668.936309	5334143.482972	0.133233	0.133444
0.374000	0.418988	0.027386	0.445303	7611173.828479	5337531.882606	0.133277	0.133478
0.375000	0.418988	0.027831	0.445581	7594342.783494	5340792.236245	0.133319	0.133510
0.376000	0.418988	0.028277	0.445847	7578148.939484	5343929.685672	0.133359	0.133541
0.377000	0.418988	0.028723	0.446101	7562567.105645	5346948.789519	0.133397	0.133570
0.378000	0.418988	0.029169	0.446345	7547573.515240	5349854.109267	0.133434	0.133597
0.379000	0.418988	0.029616	0.446578	7533145.683054	5352649.467589	0.133468	0.133624
0.380000	0.418988	0.030062	0.446801	7519262.556825	5355338.667304	0.133501	0.133649
0.381000	0.418988	0.030509	0.447014	7505903.988357	5357925.829979	0.133532	0.133673
0.382000	0.418988	0.030956	0.447218	7493050.513398	5360414.620356	0.133562	0.133696
0.383000	0.418988	0.031404	0.447414	7480683.433199	5362808.772299	0.133590	0.133718
0.384000	0.418988	0.031851	0.447601	7468784.889266	5365111.573297	0.133617	0.133739
0.385000	0.418988	0.032299	0.447780	7457338.090175	5367326.101915	0.133643	0.133759
0.386000	0.418988	0.032747	0.447952	7446327.109879	5369455.343630	0.133667	0.133778
0.387000	0.418988	0.033195	0.448117	7435736.577365	5371502.372623	0.133691	0.133797
0.388000	0.418988	0.033643	0.448274	7425552.203524	5373469.517553	0.133713	0.133814
0.389000	0.418988	0.034091	0.448426	7415760.028056	5375359.792626	0.133734	0.133831
0.390000	0.418988	0.034540	0.448570	7406346.691542	5377175.708121	0.133755	0.133847
0.391000	0.418988	0.034988	0.448709	7397299.520621	5378919.628268	0.133774	0.133862
0.392000	0.418988	0.035437	0.448842	7388606.169397	5380594.377778	0.133793	0.133877
0.393000	0.418988	0.035886	0.448969	7380255.199710	5382201.225677	0.133811	0.133891
0.394000	0.418988	0.036335	0.449091	7372236.098293	5383742.421792	0.133828	0.133905
0.395000	0.418988	0.036784	0.449208	7364537.856525	5385220.344619	0.133844	0.133918
0.396000	0.418988	0.037234	0.449320	7357150.296756	5386636.958381	0.133860	0.133930
0.397000	0.418988	0.037683	0.449427	7350063.530210	5387994.177191	0.133874	0.133942
0.398000	0.418988	0.038132	0.449529	7343268.239424	5389293.832675	0.133889	0.133953
0.399000	0.418988	0.038582	0.449627	7336755.715755	5390537.189596	0.133902	0.133964
0.400000	0.418988	0.039032	0.449720	7330517.518080	5391726.069646	0.133915	0.133974
0.401000	0.418988	0.039481	0.449810	7324545.447463	5392862.139286	0.133928	0.133984
0.402000	0.418988	0.039931	0.449896	7318831.561383	5393946.945398	0.133940	0.133993
0.403000	0.418988	0.040381	0.449977	7313368.319787	5394981.879326	0.133951	0.134002
0.404000	0.418988	0.040831	0.450055	7308148.754210	5395968.098420	0.133962	0.134011
0.405000	0.418988	0.041281	0.450130	7303165.751539	5396907.424871	0.133972	0.134019
0.406000	0.418988	0.041731	0.450200	7298412.577432	5397800.807787	0.133982	0.134027
0.407000	0.418988	0.042182	0.450268	7293882.720927	5398649.804544	0.133992	0.134035
0.408000	0.418988	0.042632	0.450332	7289569.810958	5399455.520076	0.134001	0.134042
0.409000	0.418988	0.043082	0.450393	7285468.106283	5400218.848882	0.134009	0.134049
0.410000	0.418988	0.043533	0.450452	7281571.810952	5400941.153521	0.134018	0.134055
0.411000	0.418988	0.043983	0.450507	7277875.491983	5401623.373711	0.134026	0.134061
0.412000	0.418988	0.044434	0.450559	7274373.741544	5402266.774932	0.134033	0.134067
0.413000	0.418988	0.044884	0.450609	7271061.450407	5402872.114032	0.134040	0.134073
0.414000	0.418988	0.045335	0.450655	7267933.678384	5403440.794795	0.134047	0.134078
0.415000	0.418988	0.045786	0.450700	7264985.678560	5403973.117494	0.134054	0.134083
0.416000	0.418988	0.046236	0.450741	7262212.975168	5404470.134295	0.134060	0.134088
0.417000	0.418988	0.046687	0.450780	7259611.285259	5404932.722526	0.134066	0.134093
0.418000	0.418988	0.047138	0.450817	7257176.165281	5405361.979443	0.134071	0.134097
0.419000	0.418988	0.047589	0.450852	7254903.427703	5405758.510823	0.134077	0.134101
0.420000	0.418988	0.048040	0.450884	7252789.134370	5406123.166283	0.134082	0.134105
0.421000	0.418988	0.048491	0.450914	7250829.540063	5406456.540468	0.134087	0.134108
0.422000	0.418988	0.048942	0.450942	7249020.859453	5406759.633754	0.134091	0.134112
0.423000	0.418988	0.049392	0.450967	7247359.636835	5407032.764753	0.134095	0.134115
0.424000	0.418988	0.049843	0.450991	7245842.405572	5407277.009648	0.134099	0.134118
0.425000	0.418988	0.050294	0.451013	7244465.648480	5407492.891366	0.134103	0.134121
0.426000	0.418988	0.050745	0.451032	7243226.150608	5407680.978963	0.134107	0.134123
0.427000	0.418988	0.051197	0.451050	7242120.809176	5407841.961485	0.134110	0.134125
0.428000	0.418988	0.051648	0.451066	7241146.711808	5407976.241660	0.134113	0.134128
0.429000	0.418988	0.052099	0.451080	7240300.980655	5408084.609725	0.134116	0.134130
0.430000	0.418988	0.052550	0.451093	7239580.550580	5408167.701933	0.134119	0.134131
0.431000	0.418988	0.053001	0.451104	7238982.635825	5408225.982633	0.134122	0.134133
0.432000	0.418988	0.053452	0.451113	7238504.805830	5408259.701416	0.134124	0.134134
0.433000	0.418988	0.053903	0.451120	7238144.532151	5408269.637879	0.134126	0.134136
0.434000	0.418988	0.054354	0.451126	7237899.122773	5408256.403650	0.134128	0.134137
0.435000	0.418988	0.054805	0.451130	7237766.140107	5408220.296453	0.134130	0.134138
0.436000	0.418988	0.055256	0.451133	7237743.511300	5408161.636712	0.134131	0.134139
0.437000	0.418988	0.055708	0.451134	7237828.812652	5408081.207084	0.134133	0.134139
0.438000	0.418988	0.056159	0.451134	7238019.708289	5407979.292561	0.134134	0.134140
0.439000	0.418988	0.056610	0.451132	7238314.245796	5407856.180768	0.134135	0.134140
0.440000	0.418988	0.057061	0.451129	7238710.702853	5407712.498974	0.134136	0.134141
0.441000	0.418988	0.057512	0.451125	7239208.715880	5407548.277270	0.134137	0.134141
0.442000	0.418988	0.057963	0.451119	7239804.886728	5407364.139828	0.134138	0.134141
0.443000	0.418988	0.058414	0.451112	7240492.498327	5407161.557671	0.134138	0.134140
0.444000	0.418988	0.058865	0.451103	7241271.097008	5406940.106812	0.134138	0.134140
0.445000	0.418988	0.059317	0.451094	7242141.128083	5406699.201812	0.134139	0.134140
0.446000	0.418988	0.059768	0.451083	7243101.889463	5406439.324754	0.134139	0.134139
0.447000	0.418988	0.060219	0.451071	7244152.024083	5406161.126216	0.134139	0.134139
0.448000	0.418988	0.060670	0.451058	7245290.066951	5405864.997854	0.134139	0.134138
0.449000	0.418988	0.061121	0.451043	7246517.464936	5405550.770164	0.134138	0.134137
0.450000	-0.606261	0.061570	0.444343	6051165.761113	6886508.711527	0.112626	0.015460
0.451000	-0.606261	0.062001	0.411365	3482674.224747	8660684.944061	0.093289	0.005950
0.452000	-0.606261	0.062382	0.347361	838948.066874	9770651.033098	0.075549	-0.004578
0.453000	-0.606261	0.062688	0.263880	0.000000	9881182.567048	0.058512	-0.018438
0.454000	-0.606261	0.062911	0.181935	0.000000	9520958.939940	0.041698	-0.034245
0.455000	-0.606261	0.063054	0.104561	0.000000	9131167.982644	0.024780	-0.051630
0.456000	-0.606261	0.063122	0.032795	0.000000	8978015.955312	0.007636	-0.069798
0.457000	-0.606261	0.063126	-0.016314	0.000000	10970296.033267	-0.009740	-0.088223
0.458000	-0.606261	0.063086	-0.070934	0.000000	19093911.744326	-0.027272	-0.106460
0.459000	-0.606261	0.062974	-0.152429	2254051.015902	24848156.584688	-0.045044	-0.125313
0.460000	-0.606261	0.062788	-0.213666	6320946.971458	26360060.089051	-0.063818	-0.148613
0.461000	-0.606261	0.062557	-0.243718	9680132.198231	27485349.518086	-0.081975	-0.163987
0.462000	-0.606261	0.062308	-0.254087	11534592.643011	28668926.155742	-0.098614	-0.173767
0.463000	-0.606261	0.062051	-0.258494	11929914.872345	29452615.571677	-0.113042	-0.178207
0.464000	-0.606261	0.061789	-0.266387	11440315.146476	29845174.326239	-0.125271	-0.180504
0.465000	-0.606261	0.061516	-0.281461	10725388.725499	29976990.583891	-0.135696	-0.182788
0.466000	-0.606261	0.061224	-0.302632	10220188.343339	29960167.269233	-0.144848	-0.186182
0.467000	-0.606261	0.060910	-0.326608	10056568.472296	29877846.457677	-0.153140	-0.190593
0.468000	-0.606261	0.060571	-0.350239	10163731.515922	29784604.124349	-0.160786	-0.195323
0.469000	-0.606261	0.060210	-0.371636	10405989.669025	29708648.183209	-0.167878	-0.199909
0.470000	-0.606261	0.059829	-0.390208	10669312.963418	29658104.586137	-0.174469	-0.204239
0.471000	-0.606261	0.059431	-0.406210	10891253.330860	29628275.418307	-0.180555	-0.208046
0.472000	-0.606261	0.059017	-0.420222	11055453.777390	29610659.046042	-0.186133	-0.211329
0.473000	-0.606261	0.058591	-0.432799	11171600.934492	29598200.769826	-0.191221	-0.214205
0.474000	-0.606261	0.058152	-0.444331	11257401.431438	29586806.058123	-0.195855	-0.216787
0.475000	-0.606261	0.057702	-0.455031	11328176.756764	29574816.492956	-0.200075	-0.219135
0.476000	-0.606261	0.057242	-0.464996	11392491.732660	29562585.355390	-0.203945	-0.221428
0.477000	-0.606261	0.056772	-0.474274	11453416.647385	29550572.842452	-0.207507	-0.223598
0.478000	-0.606261	0.056294	-0.482897	11511482.488785	29539126.519047	-0.210793	-0.225635
0.479000	-0.606261	0.055807	-0.490900	11566263.964151	29528482.887800	-0.213830	-0.227547
0.480000	-0.606261	0.055312	-0.498323	11617346.821233	29518658.122681	-0.216638	-0.229322
0.481000	-0.606261	0.054809	-0.508444	11703218.116174	29481181.915982	-0.219235	-0.230967
0.482000	-0.606261	0.054296	-0.518254	11856506.792687	29440762.781913	-0.221754	-0.233132
0.483000	-0.606261	0.053773	-0.526456	12004682.383811	29415054.593968	-0.224196	-0.235230
0.484000	-0.606261	0.053243	-0.533329	12117769.502944	29400382.364349	-0.226518	-0.237006
0.485000	-0.606261	0.052707	-0.539264	12194405.739787	29392070.739744	-0.228692	-0.238511
0.486000	-0.606261	0.052165	-0.544579	12244584.711921	29386552.846297	-0.230709	-0.239822
0.487000	-0.606261	0.051618	-0.549477	12279519.280970	29381797.344390	-0.232575	-0.241001
0.488000	-0.606261	0.051066	-0.554062	12307414.985819	29376959.368945	-0.234299	-0.242087
0.489000	-0.606261	0.050510	-0.558375	12332859.044548	29371882.689703	-0.235894	-0.243103
0.490000	-0.606261	0.049949	-0.562429	12357649.358463	29366706.456261	-0.237373	-0.244056
0.491000	-0.606261	0.049385	-0.566227	12382084.590850	29361616.586843	-0.238747	-0.244951
0.492000	-0.606261	0.048817	-0.569774	12405856.353641	29356755.141364	-0.240023	-0.245789
0.493000	-0.606261	0.048245	-0.573080	12428569.636296	29352196.729540	-0.241210	-0.246571
0.494000	-0.606261	0.047671	-0.576159	12449956.053744	29347962.011793	-0.242313	-0.247300
0.495000	-0.606261	0.047093	-0.579024	12469908.152218	29344040.436180	-0.243340	-0.247978
0.496000	-0.606261	0.046513	-0.581690	12488439.085448	29340407.610869	-0.244295	-0.248609
0.497000	-0.606261	0.045930	-0.584172	12505628.035011	29337036.483023	-0.245183	-0.249197
0.498000	-0.606261	0.045344	-0.586483	12521581.214379	29333902.921795	-0.246010	-0.249744
0.499000	-0.606261	0.044757	-0.588635	12536402.705402	29330986.452961	-0.246779	-0.250253
0.500000	-0.606261	0.044167	-0.590640	12550186.520452	29328270.069884	-0.247494	-0.250727
0.501000	-0.606261	0.043576	-0.592507	12563013.914403	29325739.112224	-0.248160	-0.251169
0.502000	-0.606261	0.042982	-0.594247	12574955.560920	29323380.364783	-0.248780	-0.251580
0.503000	-0.606261	0.042387	-0.595867	12586076.264411	29321182.354955	-0.249356	-0.251963
0.504000	-0.606261	0.041791	-0.597377	12596434.004787	29319134.605156	-0.249893	-0.252320
0.505000	-0.606261	0.041192	-0.598783	12606080.663694	29317226.907249	-0.250393	-0.252652
0.506000	-0.606261	0.040593	-0.600093	12615064.903579	29315449.730088	-0.250859	-0.252962
0.507000	-0.606261	0.039992	-0.601313	12623431.545266	29313794.195702	-0.251292	-0.253250
0.508000	-0.606261	0.039390	-0.602450	12631221.547631	29312251.720936	-0.251695	-0.253519
0.509000	-0.606261	0.038787	-0.603509	12638477.419775	29310814.517752	-0.252071	-0.253769
0.510000	-0.606261	0.038183	-0.604496	12645228.988554	29309476.466829	-0.252421	-0.254002
0.511000	-0.606261	0.037578	-0.605416	12651520.339596	29308229.081977	-0.252747	-0.254220
0.512000	-0.606261	0.036973	-0.606273	12657383.031423	29307066.478489	-0.253050	-0.254422
0.513000	-0.606261	0.036366	-0.607072	12662845.820681	29305983.099636	-0.253333	-0.254611
0.514000	-0.606261	0.035758	-0.607816	12667934.581078	29304973.428033	-0.253596	-0.254786
0.515000	-0.606261	0.035150	-0.608509	12672675.314060	29304032.610546	-0.253842	-0.254950
0.516000	-0.606261	0.034541	-0.609155	12677091.950668	29303155.989236	-0.254070	-0.255103
0.517000	-0.606261	0.033932	-0.609757	12681206.869120	29302339.149966	-0.254283	-0.255245
0.518000	-0.606261	0.033322	-0.610317	12685040.710685	29301578.060366	-0.254481	-0.255377
0.519000	-0.606261	0.032711	-0.610840	12688610.953067	29300868.871045	-0.254666	-0.255501
0.520000	-0.606261	0.032100	-0.611327	12691937.472898	29300207.796464	-0.254838	-0.255616
0.521000	-0.606261	0.031489	-0.611781	12695037.140466	29299591.759217	-0.254998	-0.255723
0.522000	-0.606261	0.030877	-0.612203	12697925.656618	29299017.659673	-0.255148	-0.255823
0.523000	-0.606261	0.030264	-0.612597	12700617.153096	29298482.792089	-0.255287	-0.255916
0.524000	-0.606261	0.029652	-0.612964	12703124.165942	29297984.545396	-0.255416	-0.256002
0.525000	-0.606261	0.029038	-0.613307	12705458.932756	29297520.213845	-0.255537	-0.256083
0.526000	-0.606261	0.028425	-0.613625	12707635.259794	29297086.761825	-0.255650	-0.256158
0.527000	-0.606261	0.027811	-0.613922	12709663.524813	29296683.139542	-0.255754	-0.256228
0.528000	-0.606261	0.027197	-0.614199	12711553.563430	29296307.083885	-0.255852	-0.256294
0.529000	-0.606261	0.026583	-0.614457	12713314.798014	29295956.628083	-0.255943	-0.256355
0.530000	-0.606261	0.025968	-0.614698	12714956.055580	29295630.041540	-0.256028	-0.256412
0.531000	-0.606261	0.025353	-0.614922	12716485.157111	29295325.824469	-0.256107	-0.256464
0.532000	-0.606261	0.024738	-0.615131	12717908.649064	29295042.046990	-0.256181	-0.256514
0.533000	-0.606261	0.024123	-0.615325	12719236.054493	29294777.508538	-0.256249	-0.256560
0.534000	-0.606261	0.023508	-0.615506	12720473.552941	29294530.930532	-0.256313	-0.256602
0.535000	-0.606261	0.022892	-0.615675	12721626.780710	29294301.258460	-0.256373	-0.256642
0.536000	-0.606261	0.022276	-0.615833	12722701.309829	29294087.231300	-0.256428	-0.256680
0.537000	-0.606261	0.021660	-0.615980	12723702.508395	29293887.785711	-0.256480	-0.256714
0.538000	-0.606261	0.021044	-0.616116	12724634.460852	29293702.004764	-0.256528	-0.256746
0.539000	-0.606261	0.020428	-0.616244	12725502.447253	29293528.744316	-0.256573	-0.256776
0.540000	-0.606261	0.019812	-0.616362	12726311.473174	29293367.460721	-0.256615	-0.256805
0.541000	-0.606261	0.019195	-0.616473	12727065.612884	29293216.758214	-0.256654	-0.256831
0.542000	-0.606261	0.018579	-0.616575	12727781.696570	29293068.293555	-0.256689	-0.256855
0.543000	-0.606261	0.017962	-0.616671	12728445.860661	29292940.793988	-0.256723	-0.256877
0.544000	-0.606261	0.017346	-0.616760	12729062.512471	29292814.459975	-0.256754	-0.256899
0.545000	-0.606261	0.016729	-0.616843	12729629.794909	29292706.841855	-0.256784	-0.256918
0.546000	-0.606261	0.016112	-0.616920	12730156.559588	29292598.206967	-0.256811	-0.256936
0.547000	-0.606261	0.015495	-0.616992	12730652.574601	29292498.773997	-0.256836	-0.256953
0.548000	-0.606261	0.014878	-0.617059	12731113.203471	29292407.386416	-0.256859	-0.256969
0.549000	-0.606261	0.014261	-0.617121	12731537.920391	29292323.010774	-0.256881	-0.256984
0.550000	-0.606261	0.013644	-0.617179	12731932.938113	29292244.720087	-0.256902	-0.256997
0.551000	-0.606261	0.013026	-0.617233	12732299.630238	29292172.120993	-0.256921	-0.257010
0.552000	-0.606261	0.012409	-0.617284	12732640.594872	29292104.354716	-0.256939	-0.257022
0.553000	-0.606261	0.011792	-0.617331	12732957.626515	29292040.915287	-0.256956	-0.257033
0.554000	-0.606261	0.011174	-0.617375	12733254.023304	29291981.602681	-0.256971	-0.257044
0.555000	-0.606261	0.010557	-0.617417	12733531.497059	29291925.970668	-0.256986	-0.257053
0.556000	-0.606261	0.009940	-0.617455	12733790.959952	29291874.037664	-0.256999	-0.257063
0.557000	-0.606261	0.009322	-0.617491	12734033.446633	29291825.500089	-0.257012	-0.257071
0.558000	-0.606261	0.008705	-0.617524	12734259.916618	29291780.070057	-0.257024	-0.257079
0.559000	-0.606261	0.008087	-0.617555	12734470.102988	29291737.974324	-0.257035	-0.257086
0.560000	-0.606261	0.007469	-0.617584	12734666.714548	29291698.729949	-0.257045	-0.257093
0.561000	-0.606261	0.006852	-0.617612	12734849.945129	29291662.295718	-0.257055	-0.257099
0.562000	-0.606261	0.006234	-0.617637	12735020.397796	29291628.419843	-0.257063	-0.257105
0.563000	-0.606261	0.005617	-0.617661	12735179.063698	29291596.813197	-0.257072	-0.257111
0.564000	-0.606261	0.004999	-0.617683	12735326.490641	29291567.251805	-0.257080	-0.257116
0.565000	-0.606261	0.004381	-0.617703	12735464.613273	29291539.521566	-0.257087	-0.257121
0.566000	-0.606261	0.003764	-0.617723	12735594.007979	29291513.541171	-0.257094	-0.257126
0.567000	-0.606261	0.003146	-0.617741	12735715.056306	29291489.273199	-0.257100	-0.257130
0.568000	-0.606261	0.002528	-0.617757	12735828.047084	29291466.667055	-0.257106	-0.257134
0.569000	-0.606261	0.001910	-0.617773	12735933.641189	29291445.500006	-0.257111	-0.257137
0.570000	-0.606261	0.001292	-0.617788	12736032.150506	29291425.792495	-0.257117	-0.257141
0.571000	-0.606261	0.000675	-0.617801	12736124.278960	29291407.295496	-0.257121	-0.257144
0.572000	-0.606261	0.000057	-0.617814	12736210.239216	29291390.089965	-0.257126	-0.257147
0.573000	-0.606261	-0.000561	-0.617826	12736289.503891	29291374.499137	-0.257130	-0.257150
0.574000	-0.606261	-0.001179	-0.617837	12736363.871619	29291359.398874	-0.257134	-0.257153
0.575000	-0.606261	-0.001797	-0.617847	12736433.730421	29291345.327740	-0.257138	-0.257155
0.576000	-0.606261	-0.002415	-0.617857	12736498.798587	29291332.325497	-0.257141	-0.257157
0.577000	-0.606261	-0.003032	-0.617866	12736559.254501	29291320.265634	-0.257144	-0.257159
0.578000	-0.606261	-0.003650	-0.617874	12736615.414388	29291309.062559	-0.257147	-0.257161
0.579000	-0.606261	-0.004268	-0.617882	12736667.519012	29291298.681464	-0.257150	-0.257163
0.580000	-0.606261	-0.004886	-0.617889	12736716.288495	29291288.868941	-0.257152	-0.257165
0.581000	-0.606261	-0.005504	-0.617896	12736761.843858	29291279.733324	-0.257155	-0.257167
0.582000	-0.606261	-0.006122	-0.617902	12736804.500338	29291271.150916	-0.257157	-0.257168
0.583000	-0.606261	-0.006740	-0.617908	12736844.286399	29291263.182388	-0.257159	-0.257169
0.584000	-0.606261	-0.007358	-0.617914	12736881.446611	29291255.723212	-0.257161	-0.257171
0.585000	-0.606261	-0.007976	-0.617919	12736916.228777	29291248.726997	-0.257163	-0.257172
0.586000	-0.606261	-0.008593	-0.617924	12736948.713307	29291242.208943	-0.257165	-0.257173
0.587000	-0.606261	-0.009211	-0.617929	12736979.109841	29291236.094740	-0.257166	-0.257174
0.588000	-0.606261	-0.009829	-0.617933	12737007.409922	29291230.433943	-0.257168	-0.257175
0.589000	-0.606261	-0.010447	-0.617937	12737033.858031	29291225.117760	-0.257169	-0.257176
0.590000	-0.606261	-0.011065	-0.617941	12737058.684974	29291220.106954	-0.257171	-0.257177
0.591000	-0.606261	-0.011683	-0.617944	12737081.926087	29291215.431179	-0.257172	-0.257178
0.592000	-0.606261	-0.012301	-0.617948	12737103.725144	29291211.034087	-0.257173	-0.257179
0.593000	-0.606261	-0.012919	-0.617951	12737123.995663	29291206.983443	-0.257174	-0.257179
0.594000	-0.606261	-0.013537	-0.617953	12737142.903127	29291203.187879	-0.257175	-0.257180
0.595000	-0.606261	-0.014155	-0.617956	12737160.756520	29291199.560137	-0.257176	-0.257181
0.596000	-0.606261	-0.014773	-0.617959	12737177.245385	29291196.290783	-0.257177	-0.257181
0.597000	-0.606261	-0.015391	-0.617961	12737192.647458	29291193.189978	-0.257178	-0.257182
0.598000	-0.606261	-0.016009	-0.617963	12737207.232862	29291190.218120	-0.257179	-0.257182
0.599000	-0.606261	-0.016627	-0.617965	12737220.851579	29291187.486087	-0.257179	-0.257183
